Column1	t0-0-a	t0-0-b	t0-0-c	tfin-2-a	tfin-9-a	tfin-9-b	tfin-9-c	tfin-2-b	tfin-2-c	tfin-6-a	tfin-6-b	tfin-6-c
ASV_0001	13046	9633	17519	22115	3317	5947	1267	26538	21416	18257	18386	16020
ASV_0002	28	20760	23	14158	15	10	0	28	10198	30	1688	13739
ASV_0003	10299	8086	13961	17663	2664	4588	995	22006	17184	14201	14660	13043
ASV_0004	7097	4006	4842	1379	7331	8814	1925	2163	1311	5191	5362	5692
ASV_0005	13	2	37	1191	30	351	49	1176	1705	635	81	96
ASV_0006	6097	5195	5035	2270	342	1378	248	2832	2805	4808	6536	4487
ASV_0007	2932	2119	3783	4824	693	1295	264	5838	4819	4051	3952	3532
ASV_0008	2201	1698	3010	3795	606	1055	210	5018	3780	3164	3102	2843
ASV_0009	1194	312	659	8035	9895	12808	6547	5554	9116	3188	6187	1706
ASV_0010	2164	1713	2887	3450	622	941	188	4314	3021	3143	3173	2685
ASV_0011	1500	1227	1189	508	2949	900	177	1069	382	1002	608	606
ASV_0012	5801	4119	5293	682	5	5	2	1075	787	97	77	83
ASV_0013	1120	422	979	189	5917	8032	9429	52	295	1165	1369	667
ASV_0014	235	235	667	607	208	954	209	240	532	319	119	718
ASV_0015	1079	950	970	336	1470	1059	719	415	353	700	467	597
ASV_0016	653	528	536	342	539	497	391	534	214	650	614	532
ASV_0017	214	236	744	618	192	830	193	243	486	315	176	608
ASV_0018	352	237	265	221	422	313	141	375	240	353	408	341
ASV_0019	498	338	727	42	0	0	6	60	20	8	9	5
ASV_0020	32	10	34	477	257	1862	226	524	509	1725	1542	963
ASV_0021	1900	1326	1538	254	0	4	2	239	242	174	312	102
ASV_0022	1769	1235	1600	7	1	0	1	10	26	18	21	15
ASV_0023	343	280	265	280	724	652	513	243	202	457	430	474
ASV_0024	7	5	0	30	0	20	3	63	62	33	22	15
ASV_0025	937	680	847	314	6	9	7	436	276	149	130	63
ASV_0026	0	0	0	236	115	865	213	217	226	289	161	88
ASV_0027	1085	867	881	137	163	146	97	202	98	1502	1139	1047
ASV_0028	127	127	392	360	88	480	108	106	250	162	97	351
ASV_0029	588	454	764	968	136	258	40	1262	901	801	822	750
ASV_0030	296	238	259	352	1347	2449	1556	450	290	913	981	513
ASV_0031	0	0	0	155	1	0	0	155	138	180	114	61
ASV_0032	49	21	38	621	0	0	0	490	501	709	801	329
ASV_0033	107	149	313	327	87	432	81	116	219	131	64	300
ASV_0034	609	406	672	917	135	206	45	1089	855	728	804	663
ASV_0035	22	13	19	0	0	0	0	3	4	81	203	69
ASV_0036	82	70	78	723	0	0	0	693	599	754	756	535
ASV_0037	7	8	16	104	377	846	257	86	87	307	285	287
ASV_0038	109	92	108	661	0	0	0	834	974	1934	2263	1127
ASV_0039	486	324	618	718	124	151	47	1099	800	693	720	627
ASV_0040	131	72	90	2068	0	0	0	2576	1472	2965	2916	1228
ASV_0041	542	179	487	1171	311	180	144	527	881	1006	1068	226
ASV_0042	1481	785	1192	287	120	32	61	42	38	382	233	329
ASV_0043	87	77	214	191	66	330	51	94	180	109	56	251
ASV_0044	0	0	0	0	0	0	0	0	2	0	0	0
ASV_0045	3	0	6	0	0	0	0	0	0	0	0	0
ASV_0046	11	4	14	141	616	428	86	356	111	848	907	441
ASV_0047	0	0	4	1671	1	0	0	1755	1829	2059	1897	1651
ASV_0048	176	131	244	337	26	105	23	351	318	469	459	180
ASV_0049	319	189	424	524	67	141	29	578	513	392	441	307
ASV_0050	51	19	16	356	60	296	111	168	401	72	32	16
ASV_0051	15	29	41	427	30	96	19	328	496	244	325	167
ASV_0052	673	520	665	60	179	389	141	85	74	74	67	69
ASV_0053	95	56	141	135	4	86	0	201	164	157	234	140
ASV_0054	14	9	9	35	0	2	0	10	16	70	74	44
ASV_0055	10	11	15	34	0	6	0	21	23	33	37	23
ASV_0056	69	38	60	135	3	9	0	80	119	39	51	37
ASV_0057	13	6	27	652	0	1	0	793	922	624	483	398
ASV_0058	166	40	136	15	67	106	60	56	12	79	126	82
ASV_0059	163	99	160	65	15	239	13	75	182	250	213	117
ASV_0060	95	75	107	97	0	28	0	89	86	109	153	115
ASV_0061	162	48	106	12	6	9	0	40	37	35	52	35
ASV_0062	56	37	72	188	9	15	1	275	276	988	1268	731
ASV_0063	3	8	2	349	0	6	0	401	413	2548	2470	1526
ASV_0064	0	0	0	0	0	0	0	0	0	0	0	0
ASV_0065	23	0	25	592	150	760	59	784	482	109	78	79
ASV_0066	38	71	172	182	415	1944	231	552	161	136	0	65
ASV_0067	13	10	22	64	1	56	10	69	57	85	72	33
ASV_0068	285	234	248	64	6	11	4	189	89	6	24	14
ASV_0069	51	25	73	122	3	5	0	162	127	68	154	33
ASV_0070	89	36	46	7	26	48	43	6	26	58	33	30
ASV_0071	70	30	29	35	98	262	164	36	33	52	126	80
ASV_0072	89	72	87	36	144	97	116	39	0	57	37	27
ASV_0073	141	83	227	248	36	79	17	339	252	200	191	218
ASV_0074	0	1	0	78	0	17	3	69	68	32	18	12
ASV_0075	138	86	160	214	34	46	13	257	257	185	209	180
ASV_0076	1	0	0	154	0	0	0	256	208	61	90	82
ASV_0077	30	25	26	7	0	0	0	8	4	0	2	0
ASV_0078	0	0	0	3	771	464	157	1	4	440	600	275
ASV_0079	3	0	2	106	0	5	0	161	117	35	13	10
ASV_0080	124	18	28	6	855	529	595	15	7	129	178	250
ASV_0081	8	6	26	81	2	4	0	77	35	41	84	34
ASV_0082	0	10	4	6	42	62	18	7	4	28	13	21
ASV_0083	366	280	293	20	0	0	0	35	7	0	0	0
ASV_0084	0	0	0	2	84	121	17	13	10	11	26	17
ASV_0085	15	0	22	107	0	0	0	129	36	96	92	60
ASV_0086	31	19	22	731	0	0	0	633	496	57	107	26
ASV_0087	12	13	9	159	0	0	0	141	67	125	34	23
ASV_0088	18	18	35	1	0	0	0	0	0	1	4	0
ASV_0089	56	30	62	93	0	0	0	121	99	120	210	76
ASV_0090	0	3	1	107	0	11	0	76	96	5	0	0
ASV_0091	9	0	8	300	0	0	0	382	161	126	136	88
ASV_0092	2	0	0	11	0	0	0	18	13	10	0	4
ASV_0093	7	2	16	234	4	13	0	241	295	257	407	268
ASV_0094	0	0	0	0	0	0	0	0	0	0	21	0
ASV_0095	128	84	101	10	0	0	0	19	9	5	8	7
ASV_0096	0	0	0	0	78	41	0	0	0	0	0	0
ASV_0097	0	0	0	8	0	0	0	2	9	186	252	109
ASV_0098	0	0	0	0	0	0	0	0	0	0	0	0
ASV_0099	85	65	118	121	20	42	8	158	139	156	133	96
ASV_0100	76	19	66	23	26	39	17	19	106	61	56	22
ASV_0101	170	115	222	221	0	4	0	215	292	187	65	48
ASV_0102	5	2	2	19	0	0	0	40	19	34	10	9
ASV_0103	70	102	83	48	29	30	10	73	56	91	77	78
ASV_0104	8	0	5	167	47	116	10	56	163	143	222	198
ASV_0105	13	15	38	29	8	57	16	11	29	22	15	33
ASV_0106	0	3	2	24	8	79	6	38	34	215	178	151
ASV_0107	0	1	48	23	4	9	0	56	17	4	20	20
ASV_0108	114	74	85	7	31	14	3	10	5	7	10	13
ASV_0109	89	70	97	7	26	0	0	13	8	41	33	20
ASV_0110	71	60	96	28	110	110	33	23	16	74	148	143
ASV_0111	0	0	0	12	0	3	0	13	0	1	0	0
ASV_0112	0	12	18	99	8	18	0	56	83	406	595	241
ASV_0113	10	16	0	9	0	0	0	18	17	35	21	0
ASV_0114	0	0	0	0	0	0	0	0	0	0	0	0
ASV_0115	32	27	28	15	0	9	0	13	0	15	9	5
ASV_0116	12	20	28	77	0	20	0	72	90	81	102	65
ASV_0117	3	3	0	6	0	0	0	2	2	3	0	0
ASV_0118	0	0	0	0	0	0	0	0	0	0	0	0
ASV_0119	64	44	92	77	17	21	6	131	101	90	78	102
ASV_0120	56	43	47	77	17	27	0	112	103	88	92	61
ASV_0121	0	8	2	203	0	7	0	214	205	37	54	19
ASV_0122	87	0	0	170	0	0	1	8	197	57	68	40
ASV_0123	0	121	0	33	1698	332	7	100	0	0	0	20
ASV_0124	2	0	20	13	0	0	0	3	0	13	17	13
ASV_0125	17	21	31	33	17	50	0	9	21	25	7	33
ASV_0126	10	19	22	34	18	48	12	16	23	6	0	42
ASV_0127	32	59	55	76	14	17	3	132	76	68	73	77
ASV_0128	86	84	83	13	1	5	0	59	19	2	11	4
ASV_0129	9	6	2	78	0	0	0	133	84	391	367	144
ASV_0130	34	8	17	24	53	108	47	23	21	36	61	40
ASV_0131	39	31	39	7	0	0	0	25	22	21	12	4
ASV_0132	0	0	0	0	114	0	59	38	0	19	0	0
ASV_0133	2	0	0	23	0	0	0	20	40	0	5	0
ASV_0134	2	13	4	0	0	0	0	2	0	0	0	0
ASV_0135	13	9	20	22	0	1	0	42	14	10	21	5
ASV_0136	8	51	57	0	1	24	18	5	15	42	54	21
ASV_0137	6	0	0	13	0	0	0	10	3	8	6	2
ASV_0138	36	32	30	138	0	0	0	181	125	93	88	61
ASV_0139	6	9	34	28	9	50	9	16	28	35	15	26
ASV_0140	7	0	3	28	0	0	0	52	30	120	205	82
ASV_0141	28	10	17	76	35	31	25	121	55	142	59	35
ASV_0142	28	12	19	21	11	15	8	28	12	12	16	8
ASV_0143	0	0	0	0	0	0	0	1	0	27	16	27
ASV_0144	8	20	24	56	0	13	0	30	44	35	20	24
ASV_0145	4	0	7	14	0	0	2	15	16	18	11	13
ASV_0146	36	32	27	3	163	116	67	0	6	31	16	32
ASV_0147	11	6	7	7	61	91	62	13	24	31	30	37
ASV_0148	55	38	50	3	0	0	0	0	4	0	0	2
ASV_0149	27	4	17	16	0	7	0	19	46	20	31	13
ASV_0150	0	0	0	48	0	0	0	30	74	66	70	54
ASV_0151	0	0	0	83	74	335	64	114	66	68	88	47
ASV_0152	0	0	0	82	0	12	0	130	146	188	192	140
ASV_0153	0	0	0	263	0	0	0	653	523	128	276	27
ASV_0154	90	88	86	41	1	4	0	87	50	15	27	13
ASV_0155	22	15	23	19	34	46	32	19	14	16	19	15
ASV_0156	0	0	0	0	0	0	0	0	0	0	0	0
ASV_0157	5	12	9	6	7	22	0	3	10	28	14	6
ASV_0158	33	24	34	37	0	0	0	35	64	10	8	0
ASV_0159	0	7	7	51	0	0	0	53	68	155	157	87
ASV_0160	0	0	0	0	247	517	118	0	0	205	0	54
ASV_0161	0	0	0	55	0	0	0	0	39	176	75	137
ASV_0162	12	9	10	0	0	0	0	0	17	6	17	8
ASV_0163	0	0	0	0	0	0	0	0	0	0	0	0
ASV_0164	3	4	0	11	0	0	0	11	10	2	0	2
ASV_0165	4	0	4	4	0	0	0	6	9	8	2	0
ASV_0166	0	0	0	0	0	0	0	0	0	0	0	0
ASV_0167	28	9	18	3	128	130	150	2	4	44	34	49
ASV_0168	0	0	0	24	0	0	0	13	12	111	99	29
ASV_0169	0	0	0	0	0	0	0	0	0	0	0	0
ASV_0170	53	25	32	12	27	12	20	13	19	30	18	3
ASV_0171	16	14	21	0	110	114	97	4	7	12	15	19
ASV_0172	6	0	5	242	0	0	0	521	499	94	139	27
ASV_0173	20	41	44	42	9	0	3	64	56	32	30	47
ASV_0174	0	3	0	0	0	1	2	0	0	0	0	0
ASV_0175	6	9	20	17	5	2	0	67	47	40	14	13
ASV_0176	0	0	0	23	0	0	0	16	17	52	64	38
ASV_0177	4	5	10	82	0	22	0	77	76	53	48	43
ASV_0178	0	0	0	0	0	0	0	0	0	0	0	0
ASV_0179	0	0	0	0	95	596	63	0	0	8	0	0
ASV_0180	25	15	43	0	0	0	0	23	5	39	20	32
ASV_0181	0	0	0	21	0	0	0	0	0	0	0	0
ASV_0182	0	0	0	0	14	0	0	0	0	0	0	12
ASV_0183	5	4	0	0	0	0	0	0	0	20	45	11
ASV_0184	18	9	17	4	0	0	0	6	4	132	76	78
ASV_0185	1	0	0	0	0	0	0	1	1	0	0	0
ASV_0186	5	4	0	0	0	0	0	3	4	6	4	0
ASV_0187	16	11	48	37	7	11	0	69	51	22	40	26
ASV_0188	6	7	7	0	0	5	7	2	3	8	9	9
ASV_0189	0	0	31	0	21	47	0	0	0	12	24	16
ASV_0190	19	21	32	43	8	0	3	42	28	33	27	29
ASV_0191	0	1	8	62	0	0	0	95	47	22	17	13
ASV_0192	0	327	0	86	0	0	0	0	0	0	0	53
ASV_0193	9	3	7	4	0	0	0	11	2	2	6	0
ASV_0194	36	23	51	1	0	0	0	2	0	0	0	5
ASV_0195	6	10	10	9	84	256	31	24	0	0	4	18
ASV_0196	15	0	24	0	0	0	0	0	0	0	0	0
ASV_0197	0	0	0	12	0	3	0	4	3	20	43	7
ASV_0198	37	36	65	0	0	5	0	0	4	5	7	28
ASV_0199	0	0	5	0	0	0	0	1	0	0	0	0
ASV_0200	3	5	2	21	32	19	2	25	28	36	39	16
ASV_0201	2	2	5	4	0	0	0	0	4	14	23	5
ASV_0202	0	0	0	0	0	0	0	0	0	0	0	0
ASV_0203	28	2	15	2	9	0	0	0	0	2	0	2
ASV_0204	15	0	23	0	22	56	0	0	0	0	9	19
ASV_0205	3	0	9	56	0	2	0	69	94	97	34	21
ASV_0206	0	9	23	19	39	200	28	53	15	26	0	12
ASV_0207	24	8	48	9	0	0	0	24	46	0	4	0
ASV_0208	1	0	0	0	0	0	0	5	0	0	0	0
ASV_0209	60	45	51	0	0	0	0	0	0	0	0	0
ASV_0210	7	8	14	6	0	0	0	15	0	11	0	5
ASV_0211	0	0	0	23	1	7	0	11	45	51	45	25
ASV_0212	0	0	0	0	0	0	0	0	0	0	0	0
ASV_0213	0	8	0	0	0	0	0	0	0	0	0	0
ASV_0214	8	6	14	19	0	0	0	2	0	3	3	0
ASV_0215	1	2	0	6	163	172	172	5	6	7	9	7
ASV_0216	0	0	3	8	0	0	0	2	2	2	3	2
ASV_0217	7	6	3	18	0	0	0	34	10	21	16	7
ASV_0218	0	0	0	14	0	0	0	6	7	2	3	0
ASV_0219	0	0	0	10	0	0	0	6	10	6	5	3
ASV_0220	0	0	0	10	0	0	0	6	9	34	12	6
ASV_0221	4	0	2	29	0	0	0	32	39	23	35	7
ASV_0222	1	0	0	3	0	0	0	0	0	0	0	0
ASV_0223	0	0	0	3	0	1	0	0	2	0	0	0
ASV_0224	0	0	0	0	0	312	2	0	0	0	0	26
ASV_0225	6	9	23	24	4	6	0	35	24	16	25	22
ASV_0226	0	0	2	9	0	4	0	11	18	13	17	4
ASV_0227	7	14	16	6	0	8	3	0	0	20	30	4
ASV_0228	0	5	2	24	0	0	0	38	29	22	20	19
ASV_0229	3	0	5	2	0	0	0	8	0	9	0	5
ASV_0230	10	4	4	14	0	0	0	4	14	5	4	0
ASV_0231	3	0	0	0	0	0	0	0	0	2	5	1
ASV_0232	4	2	3	44	0	4	0	52	42	141	152	77
ASV_0233	0	1	3	0	0	3	0	0	0	0	6	0
ASV_0234	0	6	0	0	0	0	0	5	0	9	0	6
ASV_0235	18	0	10	2	43	42	55	0	2	22	32	19
ASV_0236	0	0	0	0	0	0	0	0	0	0	0	0
ASV_0237	0	0	0	0	0	0	0	0	0	0	0	0
ASV_0238	0	0	0	0	0	0	0	0	0	1	0	0
ASV_0239	0	0	0	0	0	0	0	0	0	0	0	0
ASV_0240	16	5	17	0	0	3	0	0	0	13	0	8
ASV_0241	0	0	0	0	0	0	0	0	11	0	0	0
ASV_0242	2	9	0	2	3	3	0	2	0	2	3	0
ASV_0243	63	26	55	1	0	0	0	0	0	5	0	4
ASV_0244	0	0	0	0	0	0	0	0	0	0	0	0
ASV_0245	2	2	8	2	0	3	4	3	4	0	0	1
ASV_0246	56	7	20	5	8	0	0	21	3	0	0	0
ASV_0247	0	0	2	0	0	2	0	0	0	0	0	0
ASV_0248	0	0	0	0	0	0	0	0	0	0	0	0
ASV_0249	5	0	4	8	6	4	0	14	0	11	6	9
ASV_0250	5	0	6	12	0	0	0	23	15	24	29	21
ASV_0251	0	0	0	8	0	0	0	9	3	1	3	3
ASV_0252	0	0	0	2	0	0	0	5	3	0	0	0
ASV_0253	0	6	5	6	0	7	0	0	0	0	0	6
ASV_0254	0	0	0	0	0	0	0	0	0	6	29	13
ASV_0255	2	2	0	5	4	22	0	31	14	17	58	3
ASV_0256	0	0	0	0	0	11	0	0	0	0	0	0
ASV_0257	0	0	0	0	31	153	9	2	2	7	0	3
ASV_0258	0	0	0	0	0	0	0	0	0	3	0	0
ASV_0259	15	10	10	7	0	0	0	20	18	0	2	0
ASV_0260	0	0	0	0	0	0	0	0	0	0	0	0
ASV_0261	0	0	0	0	0	0	0	0	0	0	1	0
ASV_0262	7	0	3	0	6	74	6	0	0	0	11	14
ASV_0263	0	0	0	0	0	0	0	0	0	0	0	0
ASV_0264	0	0	3	0	0	0	0	0	0	0	0	0
ASV_0265	0	0	0	0	0	0	0	0	0	0	0	0
ASV_0266	0	0	8	15	0	0	0	14	15	10	16	7
ASV_0267	0	0	0	0	0	0	0	0	0	0	0	0
ASV_0268	0	1	0	0	0	0	0	0	0	0	0	0
ASV_0269	0	0	0	70	0	0	0	54	7	0	0	0
ASV_0270	10	5	0	0	0	14	1	11	0	0	0	0
ASV_0271	5	4	2	6	0	0	0	7	3	57	61	40
ASV_0272	0	22	0	19	3	0	0	15	12	11	9	2
ASV_0273	0	0	0	69	0	0	0	131	77	27	16	0
ASV_0274	0	0	0	0	0	9	0	0	0	0	0	0
ASV_0275	19	8	8	0	1	0	0	0	0	2	8	3
ASV_0276	0	0	0	1	0	0	0	0	1	4	7	0
ASV_0277	0	0	7	0	0	0	0	5	0	0	0	0
ASV_0278	47	2	7	0	2	0	0	2	0	2	1	0
ASV_0279	9	6	15	0	0	0	0	0	2	6	1	3
ASV_0280	0	0	0	0	0	0	0	0	0	0	0	0
ASV_0281	0	1	0	0	0	0	0	0	0	20	16	5
ASV_0282	0	0	0	0	0	0	0	0	0	0	0	0
ASV_0283	0	0	0	0	0	0	0	0	0	0	0	0
ASV_0284	0	0	1	0	0	0	0	0	0	0	0	0
ASV_0285	12	7	11	0	0	0	0	0	0	1	0	0
ASV_0286	0	0	0	0	0	0	0	0	0	0	0	0
ASV_0287	3	7	6	1	0	0	0	11	0	0	4	3
ASV_0288	0	0	0	0	4	4	0	5	0	0	0	0
ASV_0289	0	0	0	4	3	2	0	0	0	6	5	3
ASV_0290	0	0	0	0	0	0	0	0	0	0	0	0
ASV_0291	48	70	63	0	0	0	0	0	0	0	0	0
ASV_0292	0	6	8	14	0	0	0	4	9	47	18	14
ASV_0293	12	15	13	1	0	0	0	8	6	0	0	0
ASV_0294	0	0	0	0	0	0	0	0	0	0	0	0
ASV_0295	0	0	10	0	4	0	3	0	11	12	3	2
ASV_0296	0	0	3	11	0	4	0	11	3	4	0	4
ASV_0297	0	0	0	0	0	0	0	0	0	0	0	0
ASV_0298	0	0	0	17	0	4	1	0	3	13	0	0
ASV_0299	0	1	0	0	0	0	0	6	0	59	84	99
ASV_0300	0	6	3	1	0	0	2	0	0	7	7	8
ASV_0301	0	0	0	0	0	0	0	0	7	0	0	0
ASV_0302	0	0	0	0	0	0	0	0	0	0	0	0
ASV_0303	1	0	0	19	0	0	0	2	65	0	0	0
ASV_0304	0	0	4	0	0	0	0	0	1	0	0	0
ASV_0305	0	0	0	0	0	0	0	0	1	2	0	0
ASV_0306	0	0	0	8	0	0	0	6	14	89	81	43
ASV_0307	0	0	0	4	0	0	0	16	3	26	16	15
ASV_0308	0	0	0	1	0	0	0	0	0	0	0	0
ASV_0309	16	0	0	0	0	0	0	4	0	0	0	0
ASV_0310	3	0	0	1	0	0	0	0	0	0	0	0
ASV_0311	0	0	0	0	0	0	0	0	0	0	0	0
ASV_0312	0	4	0	0	0	0	0	3	0	0	0	0
ASV_0313	0	0	0	0	0	0	0	0	0	0	0	0
ASV_0314	3	0	2	0	0	0	0	0	0	2	0	0
ASV_0315	0	0	0	0	10	0	0	7	0	8	0	0
ASV_0316	0	0	0	0	0	0	0	0	0	0	0	0
ASV_0317	2	0	2	0	0	0	0	0	0	0	0	1
ASV_0318	0	0	0	0	0	0	0	0	0	13	24	8
ASV_0319	0	0	0	0	0	0	0	0	0	0	8	0
ASV_0320	0	0	1	0	0	0	0	0	0	72	66	43
ASV_0321	0	0	3	6	0	0	0	0	28	0	0	0
ASV_0322	0	0	0	0	0	0	0	0	0	1	1	0
ASV_0323	0	0	0	12	0	3	0	19	13	8	14	6
ASV_0324	8	6	6	1	12	12	9	7	1	0	0	1
ASV_0325	2	0	0	0	0	0	0	0	0	7	16	12
ASV_0326	3	1	0	0	0	1	3	3	4	2	2	0
ASV_0327	0	0	0	0	0	0	0	1	0	0	0	0
ASV_0328	3	6	0	0	0	0	0	1	0	0	0	0
ASV_0329	34	30	32	0	0	0	0	0	0	3	0	0
ASV_0330	12	15	20	0	0	0	0	11	3	0	5	0
ASV_0331	2	0	0	0	0	0	0	0	2	0	2	0
ASV_0332	0	0	0	0	0	82	0	0	0	5	0	4
ASV_0333	15	3	17	10	0	0	0	4	3	11	9	4
ASV_0334	3	1	12	8	6	39	2	25	5	1	1	4
ASV_0335	0	0	0	1	0	0	0	0	0	29	16	4
ASV_0336	0	0	0	0	0	0	0	0	0	0	0	0
ASV_0337	9	0	0	0	0	11	0	0	0	0	0	0
ASV_0338	0	0	0	28	3	14	0	14	3	0	0	0
ASV_0339	0	7	15	1	0	0	0	0	5	0	6	2
ASV_0340	0	0	0	0	0	0	0	0	0	0	0	0
ASV_0341	0	0	0	0	2	0	0	2	0	1	0	0
ASV_0342	0	0	1	14	0	2	2	17	4	6	10	16
ASV_0343	5	2	0	0	0	1	0	2	0	0	0	5
ASV_0344	12	6	7	0	0	0	0	0	0	1	0	3
ASV_0345	8	3	8	24	1	0	0	0	0	2	0	0
ASV_0346	7	5	3	4	0	0	0	8	0	0	0	0
ASV_0347	1	0	0	0	0	0	0	0	2	3	3	0
ASV_0348	7	0	0	22	0	0	0	7	12	27	17	33
ASV_0349	17	5	0	0	7	13	2	0	0	0	0	0
ASV_0350	5	9	3	27	0	0	0	37	22	7	1	4
ASV_0351	0	0	0	0	0	0	0	0	0	19	36	21
ASV_0352	0	0	8	0	0	0	0	0	0	0	0	0
ASV_0353	0	0	2	0	0	1	0	2	7	11	18	0
ASV_0354	0	0	0	0	0	0	0	0	0	0	0	0
ASV_0355	0	0	0	0	0	46	4	0	0	0	2	1
ASV_0356	0	0	0	0	0	0	0	0	0	0	0	0
ASV_0357	0	0	0	0	0	0	0	0	0	1	0	0
ASV_0358	0	0	0	0	0	7	0	0	0	0	0	3
ASV_0359	4	0	1	5	0	0	0	3	6	1	3	6
ASV_0360	1	1	4	0	0	0	0	4	0	6	1	0
ASV_0361	0	0	0	0	0	0	0	0	3	0	0	0
ASV_0362	0	0	0	0	0	0	0	0	0	0	0	0
ASV_0363	4	2	0	5	0	0	0	6	0	2	6	0
ASV_0364	0	0	6	2	0	3	0	0	0	0	3	0
ASV_0365	1	5	0	0	0	0	0	0	0	0	0	0
ASV_0366	0	0	1	0	0	0	0	0	0	0	0	0
ASV_0367	2	0	0	3	0	0	0	0	2	0	0	0
ASV_0368	0	0	0	3	0	0	0	0	3	0	0	0
ASV_0369	9	23	7	12	0	11	18	12	0	2	3	0
ASV_0370	9	8	10	0	1	1	0	0	10	2	10	10
ASV_0371	3	0	0	20	0	0	0	7	6	14	9	0
ASV_0372	0	0	0	0	0	0	0	0	0	0	0	0
ASV_0373	0	0	0	10	0	0	0	9	8	22	21	15
ASV_0374	6	4	8	0	0	0	0	0	0	0	0	0
ASV_0375	0	0	0	1	0	0	0	0	0	0	0	0
ASV_0376	0	0	0	3	0	2	0	5	1	12	8	6
ASV_0377	0	0	0	0	0	0	0	0	0	0	0	0
ASV_0378	0	0	0	0	0	0	0	0	8	0	4	0
ASV_0379	0	0	0	8	0	0	0	16	6	5	13	0
ASV_0380	0	0	1	0	0	0	0	0	0	3	0	0
ASV_0381	0	0	0	0	0	0	0	0	0	0	0	0
ASV_0382	0	0	0	0	0	0	0	0	0	0	0	0
ASV_0383	0	0	0	0	0	0	0	0	0	0	0	0
ASV_0384	0	0	0	2	0	1	0	0	3	6	5	0
ASV_0385	0	3	3	8	0	0	0	4	7	9	10	0
ASV_0386	0	0	0	0	0	0	0	4	2	30	56	27
ASV_0387	0	0	0	0	0	0	0	0	0	2	1	5
ASV_0388	0	0	0	0	0	0	0	0	0	0	0	0
ASV_0389	0	0	0	0	0	0	0	3	0	0	0	9
ASV_0390	3	0	1	0	0	0	0	5	0	0	0	0
ASV_0391	0	0	0	0	0	3	0	0	1	0	0	0
ASV_0392	6	0	0	0	0	0	0	0	0	0	0	0
ASV_0393	0	0	0	0	0	0	0	0	0	0	0	0
ASV_0394	0	0	0	0	0	0	0	0	0	0	0	0
ASV_0395	0	0	0	0	0	0	0	0	0	0	3	0
ASV_0396	0	0	0	27	0	0	0	21	15	11	26	8
ASV_0397	0	0	1	0	0	0	0	0	0	0	0	0
ASV_0398	0	0	0	0	0	6	0	32	9	0	0	7
ASV_0399	0	0	0	1	83	28	7	2	3	0	0	0
ASV_0400	0	0	0	0	0	2	0	0	2	6	5	9
ASV_0401	0	0	0	0	0	0	0	0	0	0	0	0
ASV_0402	0	0	0	0	0	0	0	0	0	0	0	0
ASV_0403	0	0	0	13	0	0	0	22	7	1	2	0
ASV_0404	0	0	0	0	5	5	0	0	0	0	1	1
ASV_0405	0	0	0	0	0	0	0	0	0	0	0	0
ASV_0406	0	0	0	0	0	0	0	0	0	0	0	0
ASV_0407	14	0	0	0	0	0	0	0	0	0	0	0
ASV_0408	0	0	0	0	0	0	0	0	0	7	0	0
ASV_0409	0	0	0	0	0	0	0	0	0	0	0	0
ASV_0410	0	0	0	0	0	0	0	0	0	0	0	0
ASV_0411	0	0	0	0	0	0	0	0	0	0	0	0
ASV_0412	0	0	0	4	0	3	0	0	2	0	13	0
ASV_0413	7	4	1	0	0	0	0	0	1	0	0	0
ASV_0414	0	0	0	0	0	0	0	0	14	0	0	0
ASV_0415	0	0	2	0	0	0	0	0	0	0	0	0
ASV_0416	0	0	1	0	0	0	0	0	0	0	7	0
ASV_0417	3	4	7	1	0	0	0	0	0	0	0	0
ASV_0418	0	0	0	3	0	0	0	0	0	6	3	2
ASV_0419	8	13	2	0	0	0	0	0	0	0	0	0
ASV_0420	0	0	0	0	0	0	0	3	0	0	0	5
ASV_0421	0	0	0	1	0	0	0	0	0	0	0	0
ASV_0422	0	0	2	0	0	0	0	0	0	0	0	0
ASV_0423	0	0	0	0	0	0	0	0	0	0	0	0
ASV_0424	0	0	0	2	0	0	0	11	0	5	13	6
ASV_0425	0	0	0	0	0	0	0	0	0	0	0	0
ASV_0426	0	0	0	3	0	0	0	6	5	8	5	2
ASV_0427	7	0	0	0	0	5	2	0	0	2	0	0
ASV_0428	0	0	0	0	0	0	0	0	0	0	0	0
ASV_0429	3	2	0	0	0	0	0	4	2	4	6	2
ASV_0430	0	6	11	7	4	0	4	2	6	0	2	11
ASV_0431	0	3	4	0	0	0	0	0	0	0	0	0
ASV_0432	0	0	0	0	0	0	0	5	2	13	10	9
ASV_0433	0	0	0	0	0	0	0	0	0	0	0	0
ASV_0434	0	0	0	0	0	3	0	0	0	0	0	0
ASV_0435	0	0	0	5	3	0	1	4	0	5	10	10
ASV_0436	0	0	0	0	0	0	0	0	0	0	0	0
ASV_0437	0	0	0	0	0	0	0	0	0	0	0	0
ASV_0438	0	0	0	0	0	0	0	0	0	0	0	0
ASV_0439	0	0	0	0	0	0	0	0	0	0	0	0
ASV_0440	0	0	0	0	0	0	0	0	0	0	0	0
ASV_0441	0	0	0	0	0	0	0	3	0	7	4	7
ASV_0442	0	0	0	4	0	0	0	5	5	15	9	8
ASV_0443	1	0	0	0	0	0	0	0	0	0	0	0
ASV_0444	0	0	0	0	0	0	0	0	0	0	0	0
ASV_0445	17	0	0	0	0	0	0	0	0	1	0	0
ASV_0446	0	0	0	0	0	0	0	0	0	0	0	0
ASV_0447	2	7	2	0	0	0	0	0	0	0	0	0
ASV_0448	0	0	0	0	0	0	0	0	0	0	0	0
ASV_0449	0	0	19	0	0	0	0	0	0	0	0	0
ASV_0450	3	3	12	0	1	0	0	0	0	0	5	0
ASV_0451	0	0	0	0	0	14	0	0	0	6	6	0
ASV_0452	6	0	0	0	0	0	0	3	0	0	0	0
ASV_0453	0	0	6	0	0	0	0	0	0	0	0	0
ASV_0454	0	0	0	3	0	0	0	0	0	4	0	0
ASV_0455	0	5	6	0	0	0	0	0	0	0	0	0
ASV_0456	0	0	0	0	0	0	0	0	0	0	0	0
ASV_0457	0	0	0	0	0	0	0	0	1	0	0	1
ASV_0458	0	0	0	0	0	0	0	0	0	0	0	0
ASV_0459	1	0	0	3	0	0	0	1	4	6	5	0
ASV_0460	0	0	4	0	0	0	0	0	0	0	0	0
ASV_0461	0	0	2	0	11	21	0	0	0	0	9	16
ASV_0462	0	0	0	0	0	0	0	1	0	0	0	0
ASV_0463	0	0	0	0	0	0	0	0	0	0	0	0
ASV_0464	0	0	0	0	0	0	0	0	0	0	1	0
ASV_0465	0	0	0	0	0	0	0	0	0	0	0	3
ASV_0466	0	0	5	6	0	0	0	0	0	0	0	0
ASV_0467	0	0	0	0	0	0	0	0	0	0	0	0
ASV_0468	0	1	2	6	0	0	0	9	2	9	0	6
ASV_0469	0	0	0	0	0	0	0	0	0	0	0	0
ASV_0470	0	0	0	0	0	0	0	0	0	0	0	0
ASV_0471	0	1	0	0	0	0	0	4	0	4	1	0
ASV_0472	0	0	0	0	0	0	0	0	0	0	0	0
ASV_0473	0	0	0	4	0	0	0	8	7	17	19	7
ASV_0474	0	0	0	0	0	0	0	0	0	0	0	0
ASV_0475	0	0	0	2	0	0	0	0	4	0	0	0
ASV_0476	6	0	0	0	0	0	0	0	0	0	0	0
ASV_0477	0	0	0	0	0	0	0	0	0	0	0	0
ASV_0478	1	1	0	0	0	0	0	0	0	0	0	0
ASV_0479	0	0	0	0	0	0	0	3	0	0	0	0
ASV_0480	0	2	0	0	1	0	0	0	0	0	0	0
ASV_0481	0	0	0	0	0	0	0	1	0	2	2	0
ASV_0482	0	0	0	0	0	0	0	0	0	0	2	0
ASV_0483	0	0	0	0	0	0	0	0	0	0	0	0
ASV_0484	0	6	0	0	0	0	0	5	2	5	4	0
ASV_0485	1	0	0	0	0	0	0	0	0	0	0	0
ASV_0486	5	1	1	0	0	0	0	0	0	0	0	0
ASV_0487	0	0	0	0	0	2	0	0	0	0	0	0
ASV_0488	0	0	0	0	0	0	0	0	0	0	0	0
ASV_0489	0	0	0	0	0	0	0	0	0	0	0	0
ASV_0490	0	0	0	0	0	0	0	0	0	0	0	0
ASV_0491	0	0	0	0	0	0	0	0	0	2	2	0
ASV_0492	0	0	0	1	0	0	0	3	3	0	13	0
ASV_0493	0	0	0	0	0	0	0	0	0	0	0	5
ASV_0494	0	0	0	0	0	0	0	0	0	0	0	0
ASV_0495	0	0	0	0	0	0	0	0	0	0	0	0
ASV_0496	0	0	0	0	0	0	0	0	0	0	0	0
ASV_0497	0	0	0	0	0	0	0	0	0	0	0	0
ASV_0498	4	2	0	0	0	0	0	2	0	0	2	1
ASV_0499	0	0	0	0	0	0	0	0	0	0	1	0
ASV_0500	0	0	0	0	0	0	0	0	0	0	0	0
ASV_0501	0	0	0	0	0	0	0	0	0	0	0	0
ASV_0502	0	0	0	0	0	0	0	1	0	0	0	0
ASV_0503	3	0	0	5	0	0	0	5	3	2	6	4
ASV_0504	2	6	0	0	0	0	0	0	0	0	0	0
ASV_0505	0	1	4	0	0	0	0	0	0	1	0	0
ASV_0506	0	0	0	0	0	0	0	0	0	0	0	0
ASV_0507	0	0	0	0	0	0	0	0	0	0	0	0
ASV_0508	0	0	0	3	0	0	0	7	0	0	0	0
ASV_0509	0	0	0	0	0	0	0	0	0	0	0	0
ASV_0510	0	0	0	0	0	0	0	0	0	0	0	0
ASV_0511	0	0	0	0	0	0	0	0	0	0	0	0
ASV_0512	0	0	0	0	0	4	0	0	1	0	2	4
ASV_0513	0	0	0	0	0	0	0	0	0	0	0	0
ASV_0514	0	0	0	0	0	0	0	0	0	0	0	0
ASV_0515	0	0	0	0	0	0	0	0	0	0	0	0
ASV_0516	0	0	0	0	0	0	0	0	0	0	0	0
ASV_0517	0	0	0	0	0	0	0	0	0	0	13	0
ASV_0518	0	0	0	0	0	0	0	4	0	4	6	0
ASV_0519	3	0	0	0	0	0	0	0	0	0	0	0
ASV_0520	0	0	0	0	0	0	0	0	0	0	0	0
ASV_0521	0	0	0	0	0	0	0	0	2	0	0	0
ASV_0522	0	0	0	0	0	0	0	0	2	0	0	0
ASV_0523	0	0	0	0	2	0	0	0	0	0	0	0
ASV_0524	0	0	0	0	0	0	0	0	0	0	0	0
ASV_0525	0	0	0	0	6	0	0	0	0	0	0	0
ASV_0526	0	0	0	0	0	0	0	0	1	0	0	0
ASV_0527	0	0	0	0	0	0	0	3	0	30	6	17
ASV_0528	0	0	0	0	0	0	0	0	0	0	0	0
ASV_0529	1	0	2	0	0	0	0	0	0	0	0	0
ASV_0530	3	0	0	0	0	0	0	0	0	0	1	0
ASV_0531	0	1	0	0	0	0	0	0	0	5	4	0
ASV_0532	6	1	1	0	0	0	0	0	0	0	0	0
ASV_0533	0	1	1	0	0	0	0	0	0	0	0	0
ASV_0534	0	0	0	0	0	0	0	1	0	0	0	0
ASV_0535	0	0	0	0	0	0	0	0	0	0	0	0
ASV_0536	1	0	0	0	0	0	0	0	0	0	0	0
ASV_0537	0	0	0	0	0	0	0	0	0	0	0	0
ASV_0538	0	0	0	4	0	0	0	0	0	8	6	0
ASV_0539	0	0	0	0	9	5	8	0	0	0	1	6
ASV_0540	0	0	0	0	0	0	0	0	0	0	0	0
ASV_0541	3	0	2	0	0	0	0	0	0	0	0	0
ASV_0542	0	0	0	0	0	0	0	0	0	0	0	0
ASV_0543	0	0	0	0	0	0	0	0	0	0	0	0
ASV_0544	0	0	0	0	0	0	0	0	0	2	0	1
ASV_0545	1	0	0	0	0	0	0	6	0	3	0	0
ASV_0546	0	0	5	0	0	0	0	0	0	0	0	0
ASV_0547	0	0	0	0	0	3	2	0	2	8	8	12
ASV_0548	0	0	0	0	0	0	0	0	0	0	0	2
ASV_0549	0	0	0	0	0	0	0	0	0	0	0	5
ASV_0550	0	0	0	0	0	1	0	0	0	0	0	0
ASV_0551	61	0	0	0	0	0	0	0	0	0	0	0
ASV_0552	0	0	0	0	0	0	0	0	0	0	0	0
ASV_0553	0	0	0	0	0	0	0	0	0	0	0	0
ASV_0554	0	0	0	0	0	0	0	0	0	0	0	0
ASV_0555	0	0	0	0	0	0	0	0	0	0	0	0
ASV_0556	0	0	3	0	0	0	0	0	0	1	0	0
ASV_0557	4	1	2	2	0	0	0	0	0	0	0	0
ASV_0558	0	0	0	0	0	0	0	0	0	0	0	0
ASV_0559	0	0	0	0	0	1	0	1	0	0	0	0
ASV_0560	0	0	0	0	0	0	0	0	0	0	0	0
ASV_0561	0	0	0	0	0	0	0	0	0	0	0	0
ASV_0562	0	0	0	0	0	0	0	0	0	0	0	0
ASV_0563	0	0	0	0	0	0	0	0	0	0	0	0
ASV_0564	0	0	0	0	0	0	0	0	0	0	0	0
ASV_0565	0	0	0	0	0	0	0	0	0	0	0	0
ASV_0566	0	0	0	0	0	0	0	0	0	0	0	0
ASV_0567	0	0	0	0	0	0	0	0	0	0	0	0
ASV_0568	0	0	0	0	0	0	0	0	0	0	0	0
ASV_0569	4	0	1	10	6	3	2	2	4	0	3	0
ASV_0570	0	0	5	0	0	0	0	3	0	8	6	2
ASV_0571	0	0	0	0	0	0	0	0	0	0	0	0
ASV_0572	0	0	0	58	0	0	0	16	0	0	0	0
ASV_0573	0	0	0	0	0	0	0	0	0	0	0	0
ASV_0574	0	0	0	0	0	0	0	0	0	0	0	0
ASV_0575	0	0	0	0	0	0	0	0	0	0	0	0
ASV_0576	0	0	0	0	0	25	1	0	0	0	0	0
ASV_0577	0	0	1	0	0	0	0	2	0	0	0	0
ASV_0578	0	0	0	0	0	7	0	2	0	0	0	0
ASV_0579	0	0	0	0	0	0	0	0	4	3	5	2
ASV_0580	0	2	0	0	0	0	0	0	3	0	3	0
ASV_0581	0	0	0	0	0	0	0	0	0	0	0	0
ASV_0582	0	0	0	0	0	0	0	0	0	0	0	0
ASV_0583	6	0	3	0	0	0	0	0	0	0	0	0
ASV_0584	0	0	4	1	1	0	0	0	0	0	0	0
ASV_0585	0	0	0	0	1	0	0	0	0	0	0	0
ASV_0586	0	0	0	0	0	0	0	0	0	0	0	1
ASV_0587	0	0	0	0	0	0	0	0	1	0	5	1
ASV_0588	0	0	0	0	0	0	0	0	0	0	0	0
ASV_0589	0	0	0	0	0	0	0	0	0	0	0	0
ASV_0590	0	0	0	0	0	0	0	0	0	0	0	0
ASV_0591	4	0	3	0	0	0	0	0	0	0	0	0
ASV_0592	0	0	0	0	0	0	0	0	0	7	4	0
ASV_0593	0	0	0	0	0	0	0	0	0	0	0	0
ASV_0594	0	0	0	0	0	0	0	0	0	0	0	0
ASV_0595	0	0	0	0	0	0	0	0	0	0	2	0
ASV_0596	0	0	0	0	0	0	0	0	0	0	0	2
ASV_0597	0	0	0	0	0	0	0	0	0	0	0	0
ASV_0598	0	0	1	0	0	0	0	0	0	0	0	0
ASV_0599	0	0	0	0	0	0	0	0	0	0	0	0
ASV_0600	0	0	0	0	0	0	0	0	0	0	0	0
ASV_0601	0	0	0	0	0	0	0	0	0	0	0	0
ASV_0602	0	0	0	1	0	0	0	4	1	0	0	0
ASV_0603	0	0	0	0	0	0	0	0	0	0	0	0
ASV_0604	8	0	0	0	0	0	0	0	0	0	0	0
ASV_0605	0	0	0	0	0	0	0	0	0	0	0	0
ASV_0606	0	1	0	0	0	0	0	0	0	0	0	0
ASV_0607	0	0	0	0	0	0	0	0	0	0	0	0
ASV_0608	0	0	0	0	0	0	0	0	0	0	0	0
ASV_0609	0	0	0	0	0	0	0	0	0	0	0	0
ASV_0610	0	0	0	0	0	0	0	0	0	0	0	0
ASV_0611	0	0	5	0	0	0	0	0	0	0	0	0
ASV_0612	0	0	0	0	0	0	0	0	0	0	0	0
ASV_0613	0	0	3	0	0	0	0	0	0	0	0	0
ASV_0614	0	0	0	0	0	0	0	0	0	0	0	0
ASV_0615	0	0	0	0	0	4	0	1	1	0	0	0
ASV_0616	0	0	0	0	0	0	0	0	0	0	0	0
ASV_0617	0	0	0	0	0	0	0	0	0	0	0	0
ASV_0618	0	0	0	0	0	0	0	0	0	0	0	0
ASV_0619	0	0	0	0	0	2	0	0	0	0	0	0
ASV_0620	0	0	0	0	0	0	0	0	0	0	0	0
ASV_0621	0	0	3	0	0	0	0	0	0	0	0	0
ASV_0622	0	0	0	0	0	0	0	0	0	0	0	0
ASV_0623	0	0	0	0	0	0	0	0	0	0	0	0
ASV_0624	0	0	0	1	0	0	0	9	2	0	0	0
ASV_0625	7	0	0	0	0	0	0	0	0	0	0	0
ASV_0626	0	0	0	0	0	0	0	0	0	0	0	0
ASV_0627	0	0	0	0	0	0	0	0	0	0	0	0
ASV_0628	0	0	0	1	0	0	0	3	0	0	0	0
ASV_0629	0	0	0	0	0	0	0	0	0	7	0	0
ASV_0630	0	0	0	0	0	0	0	0	0	0	0	0
ASV_0631	0	0	0	0	0	0	0	0	8	4	0	0
ASV_0632	0	0	0	0	0	0	0	0	0	0	0	0
ASV_0633	0	0	0	0	0	0	0	0	0	0	0	0
ASV_0634	0	0	0	0	0	0	0	0	0	0	0	0
ASV_0635	0	0	0	0	0	0	0	0	0	0	0	0
ASV_0636	1	0	0	0	0	0	0	0	0	0	3	1
ASV_0637	0	0	0	0	0	0	0	1	0	0	0	0
ASV_0638	0	0	0	0	0	0	0	0	0	0	0	0
ASV_0639	0	0	0	0	0	0	0	0	0	0	0	0
ASV_0640	0	0	0	0	0	0	0	0	0	0	0	0
ASV_0641	0	0	0	0	0	0	0	0	0	0	0	0
ASV_0642	2	0	0	0	0	0	0	0	0	0	0	0
ASV_0643	0	0	0	0	0	0	0	0	0	0	0	0
ASV_0644	0	0	0	0	0	0	0	0	0	0	0	0
ASV_0645	0	0	0	0	0	0	0	0	0	0	0	0
ASV_0646	4	2	0	0	0	0	0	0	0	0	0	0
ASV_0647	0	0	0	1	0	0	0	0	6	0	0	0
ASV_0648	0	0	0	0	0	0	0	2	0	0	0	0
ASV_0649	0	0	0	0	0	0	0	0	0	0	0	0
ASV_0650	0	0	0	0	0	0	0	0	0	0	0	0
ASV_0651	0	0	0	0	0	0	0	0	0	1	0	0
ASV_0652	0	0	0	0	0	0	0	0	0	0	0	0
ASV_0653	0	0	0	0	0	0	0	0	0	0	0	0
ASV_0654	0	0	0	0	0	0	0	0	0	6	0	0
ASV_0655	0	0	0	0	0	0	0	0	0	0	0	0
ASV_0656	0	0	0	0	0	0	0	0	0	0	2	0
ASV_0657	0	0	0	0	0	0	0	0	0	0	0	0
ASV_0658	0	0	0	0	0	0	0	0	0	0	0	0
ASV_0659	0	0	0	0	0	0	0	0	0	1	6	0
ASV_0660	0	0	0	0	0	0	0	0	0	0	0	0
ASV_0661	0	0	0	0	0	0	0	0	0	0	0	0
ASV_0662	0	0	0	0	0	0	0	34	0	0	0	0
ASV_0663	0	0	0	0	0	0	0	0	0	0	0	0
ASV_0664	0	2	0	3	0	0	0	0	0	0	0	0
ASV_0665	0	2	0	0	0	3	0	0	0	4	0	0
ASV_0666	0	0	0	0	0	6	0	0	3	0	0	0
ASV_0667	0	0	0	0	0	0	0	0	0	0	0	0
ASV_0668	0	0	0	0	0	0	0	0	1	0	0	0
ASV_0669	1	0	0	0	0	0	0	0	0	13	0	0
ASV_0670	0	0	0	0	0	0	0	0	0	0	0	0
ASV_0671	0	0	0	0	0	0	0	0	0	0	0	0
ASV_0672	0	0	0	0	0	0	0	0	0	0	0	0
ASV_0673	0	0	0	0	0	0	0	0	0	0	0	0
ASV_0674	0	0	0	0	0	0	0	0	0	0	0	0
ASV_0675	0	0	0	0	0	0	0	0	0	0	0	0
ASV_0676	0	1	0	0	0	0	0	0	0	0	0	0
ASV_0677	0	0	0	0	0	5	0	0	0	0	1	0
ASV_0678	0	0	0	0	0	0	0	0	0	0	0	0
ASV_0679	0	0	0	0	0	0	0	0	0	0	0	0
ASV_0680	0	0	0	0	0	0	0	0	0	0	0	0
ASV_0681	0	0	0	0	0	0	0	0	0	0	42	0
ASV_0682	0	0	0	0	0	0	0	0	0	0	0	0
ASV_0683	0	0	0	0	0	0	0	0	0	0	0	0
ASV_0684	6	0	0	0	0	0	0	0	0	0	0	0
ASV_0685	0	0	0	0	0	0	0	0	0	0	0	0
ASV_0686	0	0	0	0	0	0	0	0	0	0	0	0
ASV_0687	0	0	0	0	0	0	0	0	0	0	0	0
ASV_0688	0	0	0	0	0	0	0	0	0	0	0	3
ASV_0689	0	0	0	0	0	0	0	0	0	0	0	0
ASV_0690	0	0	0	0	0	0	0	0	0	0	0	0
ASV_0691	0	0	0	0	0	0	0	0	0	0	0	0
ASV_0692	0	0	0	0	0	0	0	0	0	0	0	0
ASV_0693	0	0	0	0	0	0	0	0	0	0	0	0
ASV_0694	0	0	0	0	0	0	0	0	0	0	0	0
ASV_0695	0	0	0	0	0	0	0	0	0	0	0	0
ASV_0696	0	0	0	0	0	0	0	0	0	0	0	0
ASV_0697	0	0	4	0	0	0	0	0	0	0	0	0
ASV_0698	0	0	4	0	0	0	0	0	0	0	0	0
ASV_0699	0	0	0	0	0	0	0	0	0	0	0	0
ASV_0700	0	0	0	0	0	0	0	0	0	0	0	0
ASV_0701	0	0	0	0	0	0	0	0	3	0	0	0
ASV_0702	0	0	0	0	0	0	0	1	0	0	5	0
ASV_0703	0	0	0	0	0	0	0	0	0	0	0	0
ASV_0704	0	0	0	0	0	0	0	0	0	0	0	0
ASV_0705	0	0	0	0	0	0	0	0	2	0	0	0
ASV_0706	0	0	0	0	0	0	0	0	0	0	0	0
ASV_0707	2	0	0	0	0	0	0	0	0	0	0	0
ASV_0708	0	0	0	0	0	0	0	0	0	0	0	0
ASV_0709	0	0	0	0	0	0	0	0	0	0	0	0
ASV_0710	0	0	0	0	0	0	0	0	0	0	0	0
ASV_0711	2	1	0	0	0	0	0	0	0	0	0	0
ASV_0712	0	0	0	0	0	0	0	0	0	0	0	0
ASV_0713	0	0	0	0	0	0	0	0	0	0	0	0
ASV_0714	0	0	0	0	0	0	0	0	2	0	0	0
ASV_0715	3	0	0	0	0	0	0	0	0	0	0	0
ASV_0716	0	0	0	0	0	0	0	0	0	0	0	0
ASV_0717	0	0	0	4	0	0	0	0	0	0	0	0
ASV_0718	0	0	0	0	0	0	0	0	0	0	0	0
ASV_0719	0	0	0	0	0	0	0	0	0	0	0	0
ASV_0720	0	0	0	1	0	0	0	0	0	0	0	0
ASV_0721	0	0	0	0	0	0	0	0	0	0	0	0
ASV_0722	0	0	0	0	0	0	0	0	0	0	0	0
ASV_0723	0	0	0	0	0	0	0	0	0	0	0	0
ASV_0724	0	0	0	0	0	0	0	0	0	0	0	0
ASV_0725	0	0	0	0	0	0	0	0	0	0	0	0
ASV_0726	0	0	0	0	0	0	0	3	0	0	0	0
ASV_0727	0	0	0	0	0	0	0	0	0	0	0	0
ASV_0728	4	0	0	0	0	0	0	0	0	0	0	0
ASV_0729	0	0	0	0	0	0	0	0	0	0	0	0
ASV_0730	0	0	0	0	0	0	0	0	0	0	0	1
ASV_0731	0	0	0	0	0	0	0	0	0	0	0	0
ASV_0732	2	1	0	0	0	0	0	11	5	3	0	0
ASV_0733	0	0	0	0	0	0	0	0	1	0	0	0
ASV_0734	0	0	0	0	0	0	0	0	0	0	0	0
ASV_0735	0	0	0	0	0	0	0	0	2	0	0	0
ASV_0736	0	0	0	0	0	0	0	0	0	0	0	0
ASV_0737	0	0	0	0	0	0	0	0	0	0	0	0
ASV_0738	0	0	0	0	0	0	0	0	0	16	0	0
ASV_0739	0	0	0	0	0	0	0	0	0	0	0	0
ASV_0740	0	0	0	0	0	0	0	0	0	0	0	0
ASV_0741	0	0	0	0	0	0	0	0	0	0	0	0
ASV_0742	0	0	0	0	0	0	0	0	0	0	0	0
ASV_0743	0	0	0	0	0	0	0	0	0	0	0	0
ASV_0744	0	0	0	0	0	0	0	0	0	0	0	0
ASV_0745	0	0	0	0	0	0	0	0	0	0	0	1
ASV_0746	0	0	0	0	0	0	0	0	0	0	0	0
ASV_0747	0	0	0	0	0	0	0	0	0	0	0	0
ASV_0748	0	0	0	0	0	0	0	0	0	0	0	0
ASV_0749	0	0	0	0	0	0	0	0	0	0	0	0
ASV_0750	0	0	0	0	0	0	0	0	0	0	0	0
ASV_0751	0	0	0	0	0	0	0	0	0	0	0	0
ASV_0752	0	0	2	0	0	0	0	0	0	0	0	0
ASV_0753	0	0	0	0	0	0	0	0	0	0	0	0
ASV_0754	0	0	0	0	0	0	0	0	0	0	0	0
ASV_0755	0	0	0	0	0	0	0	0	0	0	0	0
ASV_0756	0	0	0	0	0	0	0	3	0	0	3	0
ASV_0757	0	0	0	0	0	0	0	0	0	0	0	0
ASV_0758	0	0	0	0	0	0	0	0	0	0	0	0
ASV_0759	0	0	0	0	0	0	0	0	3	0	0	0
ASV_0760	0	0	0	0	0	0	0	0	0	0	0	0
ASV_0761	0	0	0	0	0	0	0	0	0	0	0	0
ASV_0762	1	0	0	0	0	0	0	0	0	0	0	0
ASV_0763	0	0	0	0	0	0	0	0	0	0	0	2
ASV_0764	0	0	0	0	0	0	0	0	0	0	0	0
ASV_0765	0	0	0	0	0	0	0	0	0	0	0	0
ASV_0766	0	0	0	0	0	0	0	0	0	0	0	0
ASV_0767	0	0	0	0	0	0	0	0	0	0	0	0
ASV_0768	0	0	0	0	0	0	0	0	0	0	0	0
ASV_0769	0	0	0	0	0	0	0	0	0	0	0	0
ASV_0770	0	0	0	0	0	2	0	2	0	1	0	0
ASV_0771	0	0	0	0	0	0	0	0	0	0	0	0
ASV_0772	0	0	0	0	0	0	0	0	0	0	0	0
ASV_0773	0	0	0	0	0	0	0	0	0	0	0	0
ASV_0774	0	0	0	0	0	0	0	0	0	0	0	0
ASV_0775	0	0	0	0	0	0	0	0	0	0	0	0
ASV_0776	0	0	0	0	0	0	0	0	0	0	0	0
ASV_0777	0	0	0	0	0	0	0	0	0	0	0	0
ASV_0778	0	2	0	0	0	0	0	1	0	2	2	0
ASV_0779	0	0	0	0	0	0	0	0	0	0	0	0
ASV_0780	0	0	0	0	0	0	0	0	0	0	0	0
ASV_0781	0	0	0	0	0	0	0	0	0	1	0	0
ASV_0782	0	0	0	0	0	0	0	0	0	0	0	0
ASV_0783	0	0	0	0	0	0	0	0	0	0	0	0
ASV_0784	0	0	0	0	0	0	0	0	0	0	0	0
ASV_0785	0	0	0	0	0	0	0	0	0	0	0	0
ASV_0786	0	0	0	0	0	0	0	0	0	0	0	0
ASV_0787	0	0	0	0	0	0	0	0	1	0	0	0
ASV_0788	0	0	0	0	0	0	0	0	0	0	0	0
ASV_0789	0	0	0	0	0	0	0	0	0	0	0	0
ASV_0790	0	0	0	0	0	0	0	0	0	0	0	0
ASV_0791	0	0	0	0	0	0	0	0	0	0	0	0
ASV_0792	0	0	0	0	0	0	0	0	0	0	0	0
ASV_0793	0	0	0	0	0	0	0	0	0	0	0	0
ASV_0794	0	0	3	0	0	0	0	0	0	0	0	0
ASV_0795	0	0	0	0	0	0	0	0	0	0	0	0
ASV_0796	0	0	0	0	0	0	0	0	0	0	0	0
ASV_0797	0	0	0	0	0	0	0	0	0	0	0	0
ASV_0798	0	0	0	0	0	0	0	0	0	0	0	0
ASV_0799	0	0	0	0	0	0	0	0	0	0	0	0
ASV_0800	0	0	0	0	0	0	0	0	0	0	0	0
ASV_0801	0	0	0	0	0	0	0	0	0	0	0	0
ASV_0802	0	17	0	0	0	0	0	0	0	0	0	0
ASV_0803	0	0	0	0	0	0	0	0	0	0	0	0
ASV_0804	0	0	0	0	0	0	0	0	0	0	17	0
ASV_0805	0	0	0	0	0	0	0	0	0	0	0	0
ASV_0806	0	0	0	0	0	0	0	0	0	0	0	0
ASV_0807	0	5	0	0	0	0	0	0	0	0	0	0
ASV_0808	0	0	0	0	0	0	0	0	0	0	0	0
ASV_0809	0	0	0	0	0	0	0	0	0	0	0	0
ASV_0810	0	0	0	0	0	0	0	0	0	0	0	0
ASV_0811	0	0	0	0	0	0	0	0	0	0	0	0
ASV_0812	0	0	0	0	0	0	0	0	0	0	0	0
ASV_0813	0	0	0	0	0	0	0	0	0	0	0	0
ASV_0814	0	0	0	0	0	0	0	0	0	0	0	0
ASV_0815	0	0	0	0	0	0	0	0	0	0	0	0
ASV_0816	0	0	0	0	0	0	0	0	0	0	0	0
ASV_0817	0	0	0	0	0	0	0	0	0	0	0	0
ASV_0818	0	0	1	0	0	0	0	0	0	0	0	0
ASV_0819	0	0	1	0	0	0	0	0	0	0	0	0
ASV_0820	0	0	0	0	0	0	0	2	0	0	0	0
ASV_0821	0	0	0	0	0	0	0	0	0	0	0	0
ASV_0822	0	0	0	0	0	4	0	0	0	0	0	0
ASV_0823	0	0	0	0	0	0	0	0	0	0	0	0
ASV_0824	0	0	0	0	0	0	0	0	0	0	0	0
ASV_0825	0	0	0	0	0	0	0	0	0	0	0	0
ASV_0826	0	0	0	0	0	0	0	0	0	0	0	0
ASV_0827	0	0	0	1	0	0	0	0	0	0	0	0
ASV_0828	0	0	0	0	0	0	0	0	0	0	0	0
ASV_0829	0	0	0	0	0	0	0	0	0	0	0	0
ASV_0830	0	0	0	0	0	0	0	0	0	0	0	0
ASV_0831	0	0	0	0	0	0	0	0	0	0	0	0
ASV_0832	0	0	0	0	0	0	0	0	0	0	0	0
ASV_0833	0	0	0	0	0	0	0	0	0	0	0	0
ASV_0834	6	0	0	0	0	0	0	0	0	0	0	0
ASV_0835	0	0	0	0	0	0	0	0	0	0	0	0
ASV_0836	0	0	0	0	0	0	0	0	0	0	0	0
ASV_0837	0	0	0	0	0	0	0	0	0	0	0	0
ASV_0838	0	0	0	0	0	0	0	0	0	0	0	0
ASV_0839	0	0	0	0	0	0	0	0	0	0	1	0
ASV_0840	0	0	0	0	0	0	0	0	0	0	0	0
ASV_0841	0	0	0	0	0	0	0	0	0	0	0	0
ASV_0842	0	0	0	0	0	2	0	0	0	2	1	0
ASV_0843	0	0	0	0	0	0	0	0	0	0	0	0
ASV_0844	0	0	0	0	0	0	0	0	0	0	0	0
ASV_0845	0	0	0	0	0	0	0	0	0	0	0	0
ASV_0846	0	0	0	0	0	0	0	0	0	0	0	0
ASV_0847	0	0	2	0	0	0	0	0	0	0	0	0
ASV_0848	0	0	2	0	0	0	0	0	0	0	0	0
ASV_0849	0	0	0	0	0	0	0	0	0	0	0	0
ASV_0850	0	0	0	0	0	0	0	0	0	0	0	0
ASV_0851	0	0	0	0	0	0	0	0	0	0	0	0
ASV_0852	0	0	0	0	0	0	0	0	0	0	0	0
ASV_0853	0	0	0	0	0	0	0	0	0	0	0	0
ASV_0854	0	0	0	0	0	0	0	0	0	0	0	0
ASV_0855	0	0	0	0	0	0	0	0	0	0	0	0
ASV_0856	0	0	0	0	0	0	0	0	0	0	0	0
ASV_0857	0	0	0	0	0	0	0	0	0	0	0	0
ASV_0858	0	0	0	0	0	3	0	0	0	0	0	0
ASV_0859	0	0	0	0	0	0	0	0	0	0	0	0
ASV_0860	0	0	0	0	0	0	0	0	0	0	0	0
ASV_0861	0	0	0	0	5	0	0	0	0	0	0	0
ASV_0862	0	0	0	0	0	3	0	0	0	0	0	0
ASV_0863	0	0	0	0	0	0	0	0	0	0	0	0
ASV_0864	0	0	0	0	0	0	0	0	0	0	0	0
ASV_0865	0	0	0	0	0	0	0	0	0	0	0	0
ASV_0866	0	0	0	0	0	0	0	0	0	0	0	0
ASV_0867	0	0	0	0	0	0	0	0	0	0	0	0
ASV_0868	0	0	0	0	0	0	0	1	0	0	0	0
ASV_0869	0	0	0	0	0	0	0	0	0	0	0	0
ASV_0870	0	0	0	0	0	0	0	0	0	0	0	0
ASV_0871	0	0	0	0	0	0	0	0	0	0	0	0
ASV_0872	0	0	0	0	0	0	0	0	0	0	0	0
ASV_0873	0	0	0	0	0	0	0	0	0	1	0	0
ASV_0874	0	0	0	0	0	0	0	0	0	0	0	0
ASV_0875	0	0	0	0	0	0	0	0	0	0	0	0
ASV_0876	0	0	0	0	0	0	0	0	0	0	0	0
ASV_0877	0	0	0	0	0	0	0	0	0	0	0	0
ASV_0878	0	0	0	0	0	0	0	0	0	0	0	0
ASV_0879	0	0	0	0	0	0	0	0	0	0	0	0
ASV_0880	0	0	0	0	0	0	0	0	0	0	0	0
ASV_0881	0	0	0	0	0	0	0	0	0	0	0	0
ASV_0882	0	0	0	0	0	0	0	0	0	0	0	0
ASV_0883	0	0	0	0	0	0	0	0	0	0	0	0
ASV_0884	0	0	0	0	0	0	0	0	0	0	0	0
ASV_0885	0	0	0	0	0	0	0	0	0	0	0	0
ASV_0886	0	9	0	0	0	0	0	0	0	0	0	0
ASV_0887	0	0	0	0	0	0	0	0	0	0	0	0
ASV_0888	0	0	0	0	0	0	0	0	0	0	0	0
ASV_0889	0	0	0	0	0	0	0	0	0	0	0	0
ASV_0890	0	0	0	0	0	0	0	0	0	0	0	0
ASV_0891	0	0	0	0	0	0	0	0	0	0	0	0
ASV_0892	0	0	0	0	0	0	0	0	0	0	0	0
ASV_0893	0	0	0	0	0	0	0	0	0	0	0	0
ASV_0894	0	0	0	0	0	0	0	0	0	0	0	0
ASV_0895	0	0	0	0	3	0	0	0	1	0	0	0
ASV_0896	0	0	0	0	0	0	0	0	0	0	0	0
ASV_0897	0	0	0	0	0	0	0	0	0	0	0	0
ASV_0898	0	0	0	0	0	0	0	0	0	0	0	0
ASV_0899	0	0	0	0	0	0	0	0	0	0	0	0
ASV_0900	0	0	0	0	0	0	0	0	0	0	0	0
ASV_0901	0	0	0	0	0	0	0	0	0	0	0	0
ASV_0902	0	0	0	0	0	0	0	0	0	0	0	0
ASV_0903	0	0	0	0	0	0	0	0	0	0	0	0
ASV_0904	0	0	0	0	0	0	0	0	0	0	0	0
ASV_0905	0	0	0	0	0	0	0	0	0	0	0	0
ASV_0906	0	0	0	0	0	0	0	0	0	0	0	0
ASV_0907	1	0	0	0	0	0	0	0	0	0	0	0
ASV_0908	0	0	0	0	0	0	0	0	0	0	0	0
ASV_0909	0	0	0	0	0	0	0	0	0	0	0	0
ASV_0910	0	0	0	0	0	0	0	0	3	0	0	0
ASV_0911	0	0	0	0	0	0	0	0	0	0	0	0
ASV_0912	0	0	0	0	0	0	0	0	0	0	0	0
ASV_0913	0	0	0	0	0	0	0	0	0	0	0	0
ASV_0914	0	0	0	0	0	0	0	0	0	0	0	0
ASV_0915	0	0	0	0	0	0	0	1	0	0	0	0
ASV_0916	0	0	0	0	0	0	0	0	0	0	8	0
ASV_0917	0	0	0	0	0	0	0	0	0	0	0	8
ASV_0918	0	0	0	0	0	0	0	0	0	0	0	0
ASV_0919	0	0	0	0	0	0	0	0	0	0	0	0
ASV_0920	0	0	0	0	0	0	0	0	0	0	0	0
ASV_0921	0	0	0	0	0	0	0	0	0	0	0	0
ASV_0922	0	0	0	0	0	0	0	0	0	0	0	0
ASV_0923	0	0	0	0	0	0	0	0	0	0	0	0
ASV_0924	0	0	0	0	0	0	0	0	0	0	0	0
ASV_0925	0	0	0	0	0	0	0	0	0	0	0	0
ASV_0926	0	0	0	0	0	0	0	0	0	0	0	0
ASV_0927	0	0	0	0	0	0	0	0	0	0	0	0
ASV_0928	0	0	0	0	0	0	0	0	0	0	0	0
ASV_0929	0	0	0	0	0	0	0	0	0	0	0	0
ASV_0930	0	0	0	0	0	0	0	0	0	0	0	0
ASV_0931	0	0	0	0	0	0	0	0	0	0	0	0
ASV_0932	0	0	0	0	0	0	0	0	0	0	0	0
ASV_0933	0	0	0	0	0	0	0	0	0	0	0	0
ASV_0934	0	0	0	0	0	0	0	0	0	0	0	0
ASV_0935	0	0	0	0	0	0	0	0	0	0	0	0
ASV_0936	0	0	0	0	0	0	0	0	0	0	0	0
ASV_0937	0	0	0	0	0	0	0	0	0	0	0	0
ASV_0938	0	0	0	0	0	0	0	0	0	0	0	0
ASV_0939	0	0	0	0	0	2	0	0	0	0	0	0
ASV_0940	0	0	0	0	0	0	0	0	0	0	0	0
ASV_0941	0	0	0	0	0	0	0	0	0	0	0	0
ASV_0942	0	0	0	0	0	0	0	0	0	0	0	0
ASV_0943	0	0	0	0	0	0	0	0	0	0	0	0
ASV_0944	0	0	0	0	0	0	0	0	0	0	0	0
ASV_0945	0	0	0	0	0	0	0	0	0	0	0	0
ASV_0946	0	0	0	0	0	0	0	0	0	0	0	0
ASV_0947	0	0	0	0	0	0	0	0	0	0	0	0
ASV_0948	0	0	0	0	0	0	0	0	0	0	0	0
ASV_0949	0	0	0	0	0	0	0	0	0	0	0	0
ASV_0950	0	0	0	0	0	0	0	0	0	0	0	0
ASV_0951	0	0	0	0	0	0	0	0	0	0	0	0
ASV_0952	0	0	0	0	0	0	0	0	0	0	0	0
ASV_0953	0	0	0	0	0	0	0	0	0	0	0	0
ASV_0954	0	0	0	0	0	0	0	0	0	0	0	0
ASV_0955	0	0	0	0	0	0	0	0	0	0	0	0
ASV_0956	0	0	0	0	0	0	0	0	0	0	0	0
ASV_0957	0	0	0	0	0	0	0	0	0	0	0	0
ASV_0958	0	0	0	0	0	0	0	0	0	0	0	0
ASV_0959	0	0	0	2	0	0	0	2	0	0	0	0
ASV_0960	0	0	0	0	0	0	0	0	0	0	0	0
ASV_0961	0	0	0	0	0	0	0	0	0	0	0	0
ASV_0962	0	0	0	0	0	0	0	0	0	0	0	0
ASV_0963	0	0	0	0	0	0	0	0	0	0	0	0
ASV_0964	0	0	0	0	0	0	0	0	0	0	0	0
ASV_0965	0	0	0	0	0	0	0	0	0	0	0	0
ASV_0966	0	0	0	0	0	0	0	0	0	0	0	0
ASV_0967	0	0	0	0	0	0	0	0	0	0	0	0
ASV_0968	0	0	0	0	0	0	0	0	0	0	0	0
ASV_0969	0	0	0	0	0	0	0	0	0	0	0	0
ASV_0970	0	0	0	0	0	0	0	0	0	0	0	0
ASV_0971	0	0	0	0	0	0	0	0	0	0	0	0
ASV_0972	0	0	0	0	0	0	0	0	0	0	0	0
ASV_0973	0	0	0	0	0	0	0	0	0	0	0	0
ASV_0974	0	0	0	0	0	0	0	0	0	0	0	0
ASV_0975	0	0	0	0	0	0	0	0	0	0	0	0
ASV_0976	0	0	0	0	0	0	0	0	0	0	0	0
ASV_0977	0	0	0	0	0	0	0	0	0	0	0	0
ASV_0978	0	0	0	0	0	0	0	0	0	0	0	0
ASV_0979	0	0	0	0	0	0	0	0	0	0	0	0
ASV_0980	0	0	0	0	0	0	0	0	0	0	0	0
ASV_0981	0	0	0	0	0	0	0	0	6	0	0	0
ASV_0982	0	0	0	0	0	0	0	0	0	0	0	0
ASV_0983	0	0	0	0	0	0	0	0	0	0	0	0
ASV_0984	0	0	0	0	0	0	0	0	0	0	0	0
ASV_0985	0	0	0	0	0	0	0	0	0	0	0	0
ASV_0986	0	0	0	0	0	0	0	0	0	0	0	0
ASV_0987	0	0	0	0	0	0	0	0	0	0	0	0
ASV_0988	0	0	0	0	0	0	0	0	0	0	0	0
ASV_0989	0	0	0	0	0	0	0	0	0	0	0	0
ASV_0990	0	0	0	0	0	0	0	0	0	0	0	0
ASV_0991	0	0	0	0	0	0	0	0	0	0	0	0
ASV_0992	0	0	0	0	0	0	0	0	0	0	0	0
ASV_0993	0	0	0	0	0	0	0	0	0	0	0	0
ASV_0994	0	0	0	0	0	0	0	0	0	0	0	0
ASV_0995	0	0	0	0	0	0	0	0	0	0	0	0
ASV_0996	0	0	0	0	0	0	0	0	0	0	0	0
ASV_0997	0	0	0	0	0	0	0	0	0	0	0	0
ASV_0998	0	0	0	0	0	0	0	0	0	0	0	0
ASV_0999	0	0	0	0	0	0	0	0	0	0	0	0
ASV_1000	0	0	0	0	0	0	0	0	0	0	0	0
ASV_1001	0	0	0	0	0	0	0	0	0	0	0	0
ASV_1002	0	0	0	0	0	0	0	0	0	0	0	0
ASV_1003	0	0	0	0	0	0	0	0	0	0	0	0
ASV_1004	0	0	0	0	0	0	0	0	0	0	0	0
ASV_1005	0	0	0	0	0	0	0	0	0	0	0	0
ASV_1006	0	0	0	0	0	0	0	0	0	0	0	0
ASV_1007	0	0	0	0	0	0	0	0	0	0	0	0
ASV_1008	0	0	0	0	0	0	0	0	0	0	0	0
ASV_1009	0	0	0	0	0	0	0	0	0	0	0	0
ASV_1010	0	0	0	0	0	0	0	0	0	0	0	0
ASV_1011	0	0	0	0	0	0	0	0	0	0	0	0
ASV_1012	1	0	0	0	0	0	0	0	0	0	0	0
ASV_1013	0	0	5	0	0	0	0	0	0	0	0	0
ASV_1014	0	0	0	0	0	0	0	0	0	0	0	0
ASV_1015	0	0	0	0	0	0	0	0	0	0	0	0
ASV_1016	0	0	0	0	0	0	0	0	0	0	0	0
ASV_1017	0	0	0	0	0	0	0	0	0	0	0	0
ASV_1018	0	0	0	0	0	0	0	0	0	0	0	0
ASV_1019	0	0	0	0	0	0	0	0	0	0	0	0
ASV_1020	0	0	0	0	0	0	0	0	0	0	0	0
ASV_1021	0	0	0	0	0	0	0	0	0	0	0	0
ASV_1022	0	0	0	0	0	0	0	0	0	0	0	0
ASV_1023	0	0	0	0	0	0	0	0	0	0	0	0
ASV_1024	0	0	0	0	0	0	0	0	0	0	0	0
ASV_1025	0	0	0	0	0	0	0	0	0	0	0	0
ASV_1026	0	0	0	0	0	0	0	0	0	0	0	0
ASV_1027	0	0	0	0	0	0	0	0	0	0	0	0
ASV_1028	0	0	0	0	0	0	0	0	0	0	0	0
ASV_1029	0	0	0	0	0	0	0	0	0	0	0	0
ASV_1030	0	0	0	0	0	0	0	0	0	0	0	0
ASV_1031	0	0	0	0	0	0	0	0	0	0	0	0
ASV_1032	0	0	0	0	0	0	0	0	0	0	0	0
ASV_1033	0	0	0	0	0	0	0	0	0	0	0	0
ASV_1034	0	0	0	0	0	0	0	0	0	0	0	0
ASV_1035	0	0	0	0	0	0	0	0	0	0	0	0
ASV_1036	0	0	0	0	0	1	0	0	0	0	0	1
ASV_1037	0	0	0	0	0	0	0	0	0	0	0	0
ASV_1038	0	0	0	0	0	0	0	0	0	0	0	0
ASV_1039	0	0	0	0	0	0	0	0	0	0	0	5
ASV_1040	0	0	0	0	0	0	0	0	0	0	0	0
ASV_1041	0	0	0	0	0	0	0	0	0	0	0	0
ASV_1042	0	0	0	0	0	0	0	0	0	0	0	0
ASV_1043	0	0	0	0	0	0	0	0	0	0	0	0
ASV_1044	0	0	0	0	0	0	0	0	0	0	0	0
ASV_1045	0	0	0	0	0	0	0	0	0	0	0	0
ASV_1046	0	0	0	0	0	0	0	0	0	0	0	0
ASV_1047	0	0	0	0	0	0	0	0	0	0	0	0
ASV_1048	0	0	0	0	0	0	0	0	0	0	0	0
ASV_1049	0	0	0	0	0	0	0	0	0	0	0	0
ASV_1050	0	0	0	0	0	0	0	0	0	0	0	0
ASV_1051	0	0	0	0	0	0	0	0	0	0	0	0
ASV_1052	0	0	0	0	0	0	0	0	0	0	0	0
ASV_1053	0	0	0	0	0	0	0	0	0	0	0	0
ASV_1054	0	0	0	0	0	0	0	0	0	0	0	0
ASV_1055	0	0	0	0	0	0	0	0	0	0	0	0
ASV_1056	0	0	0	0	0	0	0	0	0	0	0	0
ASV_1057	0	0	0	0	0	0	0	0	0	0	0	0
ASV_1058	0	0	0	0	0	0	0	0	0	0	0	0
ASV_1059	0	0	0	0	0	0	0	0	0	0	0	0
ASV_1060	0	0	0	0	0	0	0	0	0	0	0	0
ASV_1061	0	0	0	0	0	0	0	0	0	0	0	0
ASV_1062	0	0	0	0	0	0	0	0	0	0	0	0
ASV_1063	0	0	0	0	0	0	0	0	0	0	0	0
ASV_1064	0	0	0	0	0	0	0	0	0	0	0	0
ASV_1065	0	0	0	0	0	0	0	0	0	0	0	0
ASV_1066	4	0	0	0	0	0	0	0	0	0	0	0
ASV_1067	0	0	4	0	0	0	0	0	0	0	0	0
ASV_1068	0	0	4	0	0	0	0	0	0	0	0	0
ASV_1069	0	0	0	0	0	0	0	0	0	0	0	0
ASV_1070	0	0	0	0	0	0	0	0	0	0	0	0
ASV_1071	0	0	0	0	0	0	0	0	0	0	0	0
ASV_1072	0	0	0	0	0	0	0	0	0	0	0	0
ASV_1073	0	0	0	0	0	0	0	0	0	0	0	0
ASV_1074	0	0	0	0	0	0	0	0	0	0	0	0
ASV_1075	0	0	0	0	0	0	0	0	0	0	0	0
ASV_1076	0	0	0	0	0	0	0	0	0	0	0	0
ASV_1077	0	0	0	0	0	0	0	0	0	0	0	0
ASV_1078	0	0	0	0	0	0	0	0	0	0	0	0
ASV_1079	0	0	0	0	0	0	0	0	0	0	0	0
ASV_1080	0	0	0	0	0	0	0	0	0	0	0	0
ASV_1081	0	0	0	0	0	0	0	0	0	0	0	0
ASV_1082	0	0	0	0	0	0	0	0	0	0	0	0
ASV_1083	0	0	0	0	0	0	0	0	0	0	0	0
ASV_1084	0	0	0	0	0	0	0	0	0	0	0	0
ASV_1085	0	0	0	0	0	0	0	0	0	0	0	0
ASV_1086	0	0	0	0	0	0	0	0	0	0	0	0
ASV_1087	0	0	0	0	0	0	0	0	0	0	0	0
ASV_1088	0	0	0	0	0	0	0	0	0	0	0	0
ASV_1089	0	0	0	0	0	0	0	0	0	0	0	0
ASV_1090	0	0	0	0	0	0	0	0	0	0	0	0
ASV_1091	0	0	0	0	0	0	0	0	0	0	0	0
ASV_1092	0	0	0	0	0	0	0	0	0	0	0	0
ASV_1093	0	0	0	0	0	0	0	0	0	0	0	0
ASV_1094	0	0	0	0	0	0	0	0	0	0	0	0
ASV_1095	0	0	0	0	0	0	0	0	0	0	0	0
ASV_1096	0	0	0	0	0	0	0	0	0	0	0	0
ASV_1097	0	0	0	0	0	0	0	0	0	0	0	0
ASV_1098	0	0	0	0	0	0	0	0	0	0	0	0
ASV_1099	0	0	0	0	0	0	0	0	0	0	0	0
ASV_1100	0	0	0	0	0	0	0	0	0	0	0	0
ASV_1101	0	0	0	0	0	0	0	0	0	0	0	0
ASV_1102	0	0	0	0	0	0	0	0	0	0	0	0
ASV_1103	0	0	0	0	0	0	0	0	0	0	0	0
ASV_1104	0	0	0	0	0	0	0	0	0	0	0	0
ASV_1105	0	0	0	0	0	0	0	0	0	0	0	0
ASV_1106	0	0	0	0	0	0	0	0	0	0	0	0
ASV_1107	0	0	0	0	0	0	0	0	0	0	0	0
ASV_1108	0	0	0	0	0	0	0	0	0	0	0	0
ASV_1109	0	0	0	0	0	0	0	0	0	0	0	0
ASV_1110	0	0	0	0	0	0	0	0	0	0	0	0
ASV_1111	0	0	0	0	0	0	0	0	0	0	0	0
ASV_1112	0	0	0	0	0	0	0	0	0	0	0	0
ASV_1113	0	0	0	0	0	0	0	0	0	0	0	0
ASV_1114	0	0	0	0	0	0	4	0	0	0	0	0
ASV_1115	0	0	0	0	0	0	0	0	0	0	0	0
ASV_1116	0	0	0	0	0	0	0	0	0	0	0	0
ASV_1117	0	0	0	0	0	0	0	0	0	0	0	0
ASV_1118	0	0	0	0	0	0	0	4	0	0	0	0
ASV_1119	0	0	0	0	0	0	0	0	0	0	0	0
ASV_1120	0	0	0	0	0	0	0	0	0	0	0	0
ASV_1121	0	0	0	0	0	0	0	0	0	0	4	0
ASV_1122	0	0	0	0	0	0	0	0	0	0	4	0
ASV_1123	0	0	0	0	0	0	0	0	0	0	0	4
ASV_1124	0	0	0	0	0	0	0	0	0	0	0	0
ASV_1125	0	0	0	0	0	0	0	0	0	0	0	0
ASV_1126	0	0	0	0	0	0	0	0	0	0	0	0
ASV_1127	0	0	0	0	0	0	0	0	0	0	0	0
ASV_1128	0	0	0	0	0	0	0	0	0	0	0	0
ASV_1129	0	0	0	0	0	0	0	0	0	0	0	0
ASV_1130	0	0	0	0	0	0	0	0	0	0	0	0
ASV_1131	0	0	0	0	0	0	0	0	0	0	0	0
ASV_1132	0	0	0	0	0	0	0	0	0	0	0	0
ASV_1133	0	0	0	0	0	0	0	0	0	0	0	0
ASV_1134	0	0	0	0	0	0	0	0	0	0	0	0
ASV_1135	0	0	0	0	0	0	0	0	0	0	0	0
ASV_1136	0	0	0	0	0	0	0	0	0	0	0	0
ASV_1137	0	0	0	0	0	0	0	0	0	0	0	0
ASV_1138	0	0	0	0	0	0	0	0	0	0	0	0
ASV_1139	0	0	0	0	0	0	0	0	0	0	0	0
ASV_1140	0	0	0	0	0	0	0	0	0	0	0	0
ASV_1141	0	0	0	0	0	0	0	0	0	0	0	0
ASV_1142	0	0	0	0	0	0	0	0	0	0	0	0
ASV_1143	0	0	0	0	0	0	0	0	0	0	0	0
ASV_1144	0	0	0	0	0	0	0	0	0	0	0	0
ASV_1145	0	0	0	0	0	0	0	0	0	0	0	0
ASV_1146	0	0	0	0	0	0	0	0	0	0	0	0
ASV_1147	0	0	0	0	0	0	0	0	0	0	0	0
ASV_1148	0	0	0	0	0	0	0	0	0	0	0	0
ASV_1149	0	0	0	0	0	0	0	0	0	0	0	0
ASV_1150	0	0	0	0	0	0	0	0	0	0	0	0
ASV_1151	0	0	0	0	0	0	0	0	0	0	0	0
ASV_1152	0	0	0	0	0	0	0	0	0	0	0	0
ASV_1153	0	0	0	0	0	0	0	0	0	0	0	0
ASV_1154	0	0	0	0	0	0	0	0	0	0	0	0
ASV_1155	0	0	0	0	0	0	0	0	0	0	0	0
ASV_1156	0	0	0	0	0	0	0	0	0	0	0	0
ASV_1157	0	0	0	0	0	0	0	0	0	0	0	0
ASV_1158	0	0	0	0	0	0	0	0	0	0	0	0
ASV_1159	0	0	0	0	0	0	0	0	0	0	0	0
ASV_1160	0	0	0	0	0	0	0	0	0	0	0	0
ASV_1161	0	0	0	0	0	0	0	0	0	0	0	0
ASV_1162	0	0	0	0	0	0	0	0	0	0	0	0
ASV_1163	0	0	0	0	0	0	0	0	0	0	0	0
ASV_1164	0	0	0	0	0	0	0	0	0	0	0	0
ASV_1165	0	0	0	0	0	0	0	0	0	0	0	0
ASV_1166	0	0	0	0	0	0	0	0	0	0	0	0
ASV_1167	0	0	0	0	0	0	0	0	0	0	0	0
ASV_1168	0	0	0	0	0	0	0	0	0	0	0	0
ASV_1169	3	0	0	0	0	0	0	0	0	0	0	0
ASV_1170	3	0	0	0	0	0	0	0	0	0	0	0
ASV_1171	3	0	0	0	0	0	0	0	0	0	0	0
ASV_1172	0	3	0	0	0	0	0	0	0	0	0	0
ASV_1173	0	3	0	0	0	0	0	0	0	0	0	0
ASV_1174	0	0	0	0	0	0	0	0	0	0	0	0
ASV_1175	0	0	0	0	0	0	0	0	0	0	0	0
ASV_1176	0	0	0	0	0	0	0	0	0	0	0	0
ASV_1177	0	0	0	0	0	0	0	0	0	0	0	0
ASV_1178	0	0	0	0	0	0	0	0	0	0	0	0
ASV_1179	0	0	0	0	0	0	0	0	0	0	0	0
ASV_1180	0	0	0	0	0	0	0	0	0	0	0	0
ASV_1181	0	0	0	0	0	0	0	0	0	0	0	0
ASV_1182	0	0	0	0	0	0	0	0	0	0	0	0
ASV_1183	0	0	0	0	0	0	0	0	0	0	0	0
ASV_1184	0	0	0	0	0	0	0	0	0	0	0	0
ASV_1185	0	0	0	0	0	0	0	0	0	0	0	0
ASV_1186	0	0	0	0	0	0	0	0	0	0	0	0
ASV_1187	0	0	0	0	0	0	0	0	0	0	0	0
ASV_1188	0	0	0	0	0	0	0	0	0	0	0	0
ASV_1189	0	0	0	0	0	0	0	0	0	0	0	0
ASV_1190	0	0	0	0	0	0	0	0	0	0	0	0
ASV_1191	0	0	0	0	0	0	0	0	0	0	0	0
ASV_1192	0	0	0	0	0	0	0	0	0	0	0	0
ASV_1193	0	0	0	0	0	0	0	0	0	0	0	0
ASV_1194	0	0	0	0	0	0	0	0	0	0	0	0
ASV_1195	0	0	0	0	0	0	0	0	0	0	0	0
ASV_1196	0	0	0	0	0	0	0	0	0	0	0	0
ASV_1197	0	0	0	0	0	0	0	0	0	0	0	0
ASV_1198	0	0	0	0	0	0	0	0	0	0	0	0
ASV_1199	0	0	0	0	0	0	0	0	0	0	0	0
ASV_1200	0	0	0	0	0	0	0	0	0	0	0	0
ASV_1201	0	0	0	0	0	0	0	0	0	0	0	0
ASV_1202	0	0	0	0	0	0	0	0	0	0	0	0
ASV_1203	0	0	0	0	0	0	0	0	0	0	0	0
ASV_1204	0	0	0	0	0	0	0	0	0	0	0	0
ASV_1205	0	0	0	0	0	0	0	0	0	0	0	0
ASV_1206	0	0	0	0	0	0	0	0	0	0	0	0
ASV_1207	0	0	0	0	0	0	0	0	0	0	0	0
ASV_1208	0	0	0	0	0	0	0	0	0	0	0	0
ASV_1209	0	0	0	0	0	0	0	0	0	0	0	0
ASV_1210	0	0	0	0	0	0	0	0	0	0	0	0
ASV_1211	0	0	0	0	0	0	0	0	0	0	0	0
ASV_1212	0	0	0	0	0	0	0	0	0	0	0	0
ASV_1213	0	0	0	0	0	0	0	0	0	0	0	0
ASV_1214	0	0	0	0	0	0	0	0	0	0	0	0
ASV_1215	0	0	0	0	0	0	0	0	0	0	0	0
ASV_1216	0	0	0	0	0	0	0	0	0	0	0	0
ASV_1217	0	0	0	0	0	0	0	0	0	0	0	0
ASV_1218	0	0	0	0	0	0	0	0	0	0	0	0
ASV_1219	0	0	0	0	0	0	0	0	0	0	0	0
ASV_1220	0	0	0	0	0	0	0	0	0	0	0	0
ASV_1221	0	0	0	0	0	0	0	0	0	0	0	0
ASV_1222	0	0	0	0	0	0	0	0	0	0	0	0
ASV_1223	0	0	0	0	0	0	0	0	0	0	0	0
ASV_1224	0	0	0	0	0	0	0	0	0	0	0	0
ASV_1225	0	0	0	0	0	0	0	0	0	0	0	0
ASV_1226	0	0	0	0	0	0	0	0	0	0	0	0
ASV_1227	0	0	0	0	0	0	0	0	0	0	0	0
ASV_1228	0	0	0	0	0	0	0	0	0	0	0	0
ASV_1229	0	0	0	0	0	0	0	0	0	3	0	0
ASV_1230	0	0	0	0	0	0	0	0	0	3	0	0
ASV_1231	0	0	0	0	0	0	0	0	0	0	3	0
ASV_1232	0	0	0	0	0	0	0	0	0	0	3	0
ASV_1233	0	0	0	0	0	0	0	0	0	0	0	0
ASV_1234	0	0	0	0	0	0	0	0	0	0	0	0
ASV_1235	0	0	0	0	0	0	0	0	0	0	0	0
ASV_1236	0	0	0	0	0	0	0	0	0	0	0	0
ASV_1237	0	0	0	0	0	0	0	0	0	0	0	0
ASV_1238	0	0	0	0	0	0	0	0	0	0	0	0
ASV_1239	0	0	0	0	0	0	0	0	0	0	0	0
ASV_1240	0	0	0	0	0	0	0	0	0	0	0	0
ASV_1241	0	0	0	0	0	0	0	0	0	0	0	0
ASV_1242	0	0	0	0	0	0	0	0	0	0	0	0
ASV_1243	0	0	0	0	0	0	0	0	0	0	0	0
ASV_1244	0	0	0	0	0	0	0	0	0	0	0	0
ASV_1245	0	0	0	0	0	0	0	0	0	0	0	0
ASV_1246	0	0	0	0	0	0	0	0	0	0	0	0
ASV_1247	0	0	0	0	0	0	0	0	0	0	0	0
ASV_1248	0	0	0	0	0	0	0	0	0	0	0	0
ASV_1249	0	0	0	0	0	0	0	0	0	0	0	0
ASV_1250	0	0	0	0	0	0	0	0	0	0	0	0
ASV_1251	0	0	0	0	0	0	0	0	0	0	0	0
ASV_1252	0	0	0	0	0	0	0	0	0	0	0	0
ASV_1253	0	0	0	0	0	0	0	0	0	0	0	0
ASV_1254	0	0	0	0	0	0	0	0	0	0	0	0
ASV_1255	0	0	0	0	0	0	0	0	0	0	0	0
ASV_1256	0	0	0	0	0	0	0	0	0	0	0	0
ASV_1257	0	0	0	0	0	0	0	0	0	0	0	0
ASV_1258	0	0	0	0	0	0	0	0	0	0	0	0
ASV_1259	0	0	0	0	0	0	0	0	0	0	0	0
ASV_1260	0	0	0	0	0	0	0	0	0	0	0	0
ASV_1261	0	0	0	0	0	0	0	0	0	0	0	0
ASV_1262	0	0	0	0	0	0	0	0	0	0	0	0
ASV_1263	0	0	0	0	0	0	0	0	0	0	0	0
ASV_1264	0	0	0	0	0	0	0	0	0	0	0	0
ASV_1265	0	0	0	0	0	0	0	0	0	0	0	0
ASV_1266	0	0	0	0	0	0	0	0	0	0	0	0
ASV_1267	0	0	0	0	0	0	0	0	0	0	0	0
ASV_1268	0	0	0	0	0	0	0	0	0	0	0	0
ASV_1269	0	0	0	0	0	0	0	0	0	0	0	0
ASV_1270	0	0	0	0	0	0	0	0	0	0	0	0
ASV_1271	0	0	0	0	0	0	0	0	0	0	0	0
ASV_1272	0	0	0	0	0	0	0	0	0	0	0	0
ASV_1273	0	0	0	0	0	0	0	0	0	0	0	0
ASV_1274	0	0	0	0	0	0	0	0	0	0	0	0
ASV_1275	0	0	0	0	0	0	0	0	0	0	0	0
ASV_1276	0	0	0	0	0	0	0	0	0	0	0	0
ASV_1277	0	0	0	0	0	0	0	0	0	0	0	0
ASV_1278	0	0	0	0	0	0	0	0	0	0	0	0
ASV_1279	0	0	0	0	0	0	0	0	0	0	0	0
ASV_1280	0	0	0	0	0	0	0	0	0	0	0	0
ASV_1281	0	0	0	0	0	0	0	0	0	0	0	0
ASV_1282	0	0	0	0	0	0	0	0	0	0	0	0
ASV_1283	0	0	0	0	0	0	0	0	0	0	0	0
ASV_1284	0	0	0	0	0	0	0	0	0	0	0	0
ASV_1285	0	0	0	0	0	0	0	0	0	0	0	0
ASV_1286	0	0	0	0	0	0	0	0	0	0	0	0
ASV_1287	0	0	0	0	0	0	0	0	0	0	0	0
ASV_1288	0	0	0	0	0	0	0	0	0	0	0	0
ASV_1289	0	0	0	0	0	0	0	0	0	0	0	0
ASV_1290	0	0	0	0	0	0	0	0	0	0	0	0
ASV_1291	0	0	0	0	0	0	0	0	0	0	0	0
ASV_1292	0	0	0	0	0	0	0	0	0	0	0	0
ASV_1293	0	0	0	0	0	0	0	0	0	0	0	0
ASV_1294	0	0	0	0	0	0	0	0	0	0	0	0
ASV_1295	0	0	0	0	0	0	0	0	0	0	0	0
ASV_1296	0	0	0	0	0	0	0	0	0	0	0	0
ASV_1297	0	0	0	0	0	0	0	0	0	0	0	0
ASV_1298	0	0	0	0	0	0	0	0	0	0	0	0
ASV_1299	0	0	0	0	0	0	0	0	0	0	0	0
ASV_1300	0	0	0	0	0	0	0	0	0	0	0	0
ASV_1301	0	0	0	0	0	0	0	0	0	0	0	0
ASV_1302	0	0	0	0	0	0	0	0	0	0	0	0
ASV_1303	0	0	0	0	0	0	0	0	0	0	0	0
ASV_1304	0	0	0	0	0	0	0	0	0	0	0	0
ASV_1305	0	0	0	0	0	0	0	0	0	0	0	0
ASV_1306	0	0	0	0	0	0	0	0	0	0	0	0
ASV_1307	0	0	0	0	0	0	0	0	0	0	0	0
ASV_1308	0	0	0	0	0	0	0	0	0	0	0	0
ASV_1309	2	0	0	0	0	0	0	0	0	0	0	0
ASV_1310	0	2	0	0	0	0	0	0	0	0	0	0
ASV_1311	0	0	2	0	0	0	0	0	0	0	0	0
ASV_1312	0	0	2	0	0	0	0	0	0	0	0	0
ASV_1313	0	0	2	0	0	0	0	0	0	0	0	0
ASV_1314	0	0	0	0	0	0	0	0	0	0	0	0
ASV_1315	0	0	0	0	0	0	0	0	0	0	0	0
ASV_1316	0	0	0	0	0	0	0	0	0	0	0	0
ASV_1317	0	0	0	0	0	0	0	0	0	0	0	0
ASV_1318	0	0	0	0	0	0	0	0	0	0	0	0
ASV_1319	0	0	0	0	0	0	0	0	0	0	0	0
ASV_1320	0	0	0	0	0	0	0	0	0	0	0	0
ASV_1321	0	0	0	0	0	0	0	0	0	0	0	0
ASV_1322	0	0	0	0	0	0	0	0	0	0	0	0
ASV_1323	0	0	0	0	0	0	0	0	0	0	0	0
ASV_1324	0	0	0	0	0	0	0	0	0	0	0	0
ASV_1325	0	0	0	0	0	0	0	0	0	0	0	0
ASV_1326	0	0	0	0	0	0	0	0	0	0	0	0
ASV_1327	0	0	0	0	0	0	0	0	0	0	0	0
ASV_1328	0	0	0	0	0	0	0	0	0	0	0	0
ASV_1329	0	0	0	0	0	0	0	0	0	0	0	0
ASV_1330	0	0	0	0	0	0	0	0	0	0	0	0
ASV_1331	0	0	0	0	0	0	0	0	0	0	0	0
ASV_1332	0	0	0	0	0	1	0	0	0	0	0	0
ASV_1333	0	0	0	0	0	0	0	0	0	0	0	0
ASV_1334	0	0	0	0	0	0	0	0	0	0	0	0
ASV_1335	0	0	0	0	0	0	0	0	0	0	0	0
ASV_1336	0	0	0	0	0	0	0	0	0	0	0	0
ASV_1337	0	0	0	0	0	0	0	0	0	0	0	0
ASV_1338	0	0	0	0	0	0	0	0	0	0	0	0
ASV_1339	0	0	0	0	0	0	0	0	0	0	0	0
ASV_1340	0	0	0	0	0	0	0	0	0	0	0	0
ASV_1341	0	0	0	0	0	0	0	0	0	0	0	0
ASV_1342	0	0	0	0	0	0	0	0	0	0	0	0
ASV_1343	0	0	0	0	0	0	0	0	0	0	0	0
ASV_1344	0	0	0	0	0	0	0	0	0	0	0	0
ASV_1345	0	0	0	0	0	0	0	0	0	0	0	0
ASV_1346	0	0	0	0	0	0	0	0	0	0	0	0
ASV_1347	0	0	0	0	0	0	0	0	0	0	0	0
ASV_1348	0	0	0	0	0	0	0	0	0	0	0	0
ASV_1349	0	0	0	0	0	0	0	0	0	0	0	0
ASV_1350	0	0	0	0	0	0	0	0	0	0	0	0
ASV_1351	0	0	0	0	0	0	0	0	0	0	0	0
ASV_1352	0	0	0	0	0	0	0	0	0	0	0	0
ASV_1353	0	0	0	0	0	0	0	0	0	0	0	0
ASV_1354	0	0	0	0	0	0	0	0	0	0	0	0
ASV_1355	0	0	0	0	0	0	0	0	0	0	0	0
ASV_1356	0	0	0	0	0	0	0	0	0	0	0	0
ASV_1357	0	0	0	0	0	0	0	0	0	0	0	0
ASV_1358	0	0	0	0	0	0	0	0	0	0	0	0
ASV_1359	0	0	0	0	0	0	0	0	0	0	0	0
ASV_1360	0	0	0	0	0	0	0	0	0	0	0	0
ASV_1361	0	0	0	0	0	0	0	0	0	0	0	0
ASV_1362	0	0	0	0	0	0	0	0	0	0	0	0
ASV_1363	0	0	0	0	0	0	0	0	0	0	0	0
ASV_1364	0	0	0	0	0	0	0	0	0	0	0	0
ASV_1365	0	0	0	0	0	0	0	0	0	0	0	0
ASV_1366	0	0	0	0	0	0	0	0	0	0	0	0
ASV_1367	0	0	0	0	0	0	0	0	0	0	0	0
ASV_1368	0	0	0	0	0	0	0	0	0	0	0	0
ASV_1369	0	0	0	0	0	0	0	0	0	0	0	0
ASV_1370	0	0	0	0	0	0	0	0	0	0	0	0
ASV_1371	0	0	0	0	0	0	0	0	0	0	0	0
ASV_1372	0	0	0	0	0	0	0	0	0	0	0	0
ASV_1373	0	0	0	0	0	0	0	0	0	0	0	0
ASV_1374	0	0	0	0	0	0	0	0	0	0	0	0
ASV_1375	0	0	0	0	0	0	0	0	0	0	0	0
ASV_1376	0	0	0	0	0	0	0	0	0	0	0	0
ASV_1377	0	0	0	0	0	0	0	0	0	0	0	0
ASV_1378	0	0	0	0	0	0	0	0	0	0	0	0
ASV_1379	0	0	0	0	0	0	0	0	0	0	0	0
ASV_1380	0	0	0	0	0	0	0	0	0	0	0	0
ASV_1381	0	0	0	0	0	0	0	0	0	0	0	0
ASV_1382	0	0	0	0	0	0	0	0	0	0	0	0
ASV_1383	0	0	0	0	0	0	0	0	0	0	0	0
ASV_1384	0	0	0	0	0	0	0	0	0	0	0	0
ASV_1385	0	0	0	0	0	0	0	0	0	0	0	0
ASV_1386	0	0	0	0	0	0	0	0	0	0	0	0
ASV_1387	0	0	0	0	0	0	0	0	0	0	0	0
ASV_1388	0	0	0	0	0	0	0	0	0	0	0	0
ASV_1389	0	0	0	0	0	0	0	0	0	0	0	0
ASV_1390	0	0	0	0	0	0	0	0	0	0	0	0
ASV_1391	0	0	0	0	0	0	0	0	0	0	0	0
ASV_1392	0	0	0	0	0	0	0	0	0	0	0	0
ASV_1393	0	0	0	0	0	0	0	0	0	0	0	0
ASV_1394	0	0	0	0	0	0	0	0	0	0	0	0
ASV_1395	0	0	0	0	0	0	0	0	0	0	0	0
ASV_1396	0	0	0	0	0	0	0	0	0	0	0	0
ASV_1397	0	0	0	0	0	0	0	0	0	0	0	0
ASV_1398	0	0	0	0	0	0	0	0	0	0	0	0
ASV_1399	0	0	0	0	0	0	0	0	0	0	0	0
ASV_1400	0	0	0	0	0	0	0	0	0	0	0	0
ASV_1401	0	0	0	0	0	0	0	0	0	0	0	0
ASV_1402	0	0	0	0	0	0	0	0	0	0	0	0
ASV_1403	0	0	0	0	0	0	0	0	0	0	0	0
ASV_1404	0	0	0	0	0	0	0	0	0	0	0	0
ASV_1405	0	0	0	0	0	0	0	0	0	0	0	0
ASV_1406	0	0	0	0	0	0	0	0	0	0	0	0
ASV_1407	0	0	0	0	0	0	0	0	0	0	0	0
ASV_1408	0	0	0	0	0	0	0	0	0	0	0	0
ASV_1409	0	0	0	0	0	0	0	0	0	0	0	0
ASV_1410	0	0	0	0	0	2	0	0	0	0	0	0
ASV_1411	0	0	0	0	0	2	0	0	0	0	0	0
ASV_1412	0	0	0	0	0	0	0	0	0	0	0	0
ASV_1413	0	0	0	0	0	0	0	0	0	0	0	0
ASV_1414	0	0	0	0	0	0	0	2	0	0	0	0
ASV_1415	0	0	0	0	0	0	0	0	2	0	0	0
ASV_1416	0	0	0	0	0	0	0	0	2	0	0	0
ASV_1417	0	0	0	0	0	0	0	0	0	0	0	0
ASV_1418	0	0	0	0	0	0	0	0	0	0	0	0
ASV_1419	0	0	0	0	0	0	0	0	0	0	0	0
ASV_1420	0	0	0	0	0	0	0	0	0	0	0	0
ASV_1421	0	0	0	0	0	0	0	0	0	0	2	0
ASV_1422	0	0	0	0	0	0	0	0	0	0	2	0
ASV_1423	0	0	0	0	0	0	0	0	0	0	2	0
ASV_1424	0	0	0	0	0	0	0	0	0	0	0	2
ASV_1425	0	0	0	0	0	0	0	0	0	0	0	0
ASV_1426	0	0	0	0	0	0	0	0	0	0	0	0
ASV_1427	0	0	0	0	0	0	0	0	0	0	0	0
ASV_1428	0	0	0	0	0	0	0	0	0	0	0	0
ASV_1429	0	0	0	0	0	0	0	0	0	0	0	0
ASV_1430	0	0	0	0	0	0	0	0	0	0	0	0
ASV_1431	0	0	0	0	0	0	0	0	0	0	0	0
ASV_1432	0	0	0	0	0	0	0	0	0	0	0	0
ASV_1433	0	0	0	0	0	0	0	0	0	0	0	0
ASV_1434	0	0	0	0	0	0	0	0	0	0	0	0
ASV_1435	0	0	0	0	0	0	0	0	0	0	0	0
ASV_1436	0	0	0	0	0	0	0	0	0	0	0	0
ASV_1437	0	0	0	0	0	0	0	0	0	0	0	0
ASV_1438	0	0	0	0	0	0	0	0	0	0	0	0
ASV_1439	0	0	0	0	0	0	0	0	0	0	0	0
ASV_1440	0	0	0	0	0	0	0	0	0	0	0	0
ASV_1441	0	0	0	0	0	0	0	0	0	0	0	0
ASV_1442	0	0	0	0	0	0	0	0	0	0	0	0
ASV_1443	0	0	0	0	0	0	0	0	0	0	0	0
ASV_1444	0	0	0	0	0	0	0	0	0	0	0	0
ASV_1445	0	0	0	0	0	0	0	0	0	0	0	0
ASV_1446	0	0	0	0	0	0	0	0	0	0	0	0
ASV_1447	0	0	0	0	0	0	0	0	0	0	0	0
ASV_1448	0	0	0	0	0	0	0	0	0	0	0	0
ASV_1449	0	0	0	0	0	0	0	0	0	0	0	0
ASV_1450	0	0	0	0	0	0	0	0	0	0	0	0
ASV_1451	0	0	0	0	0	0	0	0	0	0	0	0
ASV_1452	0	0	0	0	0	0	0	0	0	0	0	0
ASV_1453	0	0	0	0	0	0	0	0	0	0	0	0
ASV_1454	0	0	0	0	0	0	0	0	0	0	0	0
ASV_1455	0	0	0	0	0	0	0	0	0	0	0	0
ASV_1456	0	0	0	0	0	0	0	0	0	0	0	0
ASV_1457	0	0	0	0	0	0	0	0	0	0	0	0
ASV_1458	0	0	0	0	0	0	0	0	0	0	0	0
ASV_1459	0	0	0	0	0	0	0	0	0	0	0	0
ASV_1460	0	0	0	0	0	0	0	0	0	0	0	0
ASV_1461	0	0	0	0	0	0	0	0	0	0	0	0
ASV_1462	0	0	0	0	0	0	0	0	0	0	0	0
ASV_1463	0	0	0	0	0	0	0	0	0	0	0	0
ASV_1464	0	0	0	0	0	0	0	0	0	0	0	0
ASV_1465	0	0	0	0	0	0	0	0	0	0	0	0
ASV_1466	0	0	0	0	0	0	0	0	0	0	0	0
ASV_1467	0	0	0	0	0	0	0	0	0	0	0	0
ASV_1468	0	0	0	0	0	0	0	0	0	0	0	0
ASV_1469	0	0	0	0	0	0	0	0	0	0	0	0
ASV_1470	0	0	0	0	0	0	0	0	0	0	0	0
ASV_1471	0	0	0	0	0	0	0	0	0	0	0	0
ASV_1472	0	0	0	0	0	0	0	0	0	0	0	0
ASV_1473	0	0	0	0	0	0	0	0	0	0	0	0
ASV_1474	0	0	0	0	0	0	0	0	0	0	0	0
ASV_1475	0	0	0	0	0	0	0	0	0	0	0	0
ASV_1476	0	0	0	0	0	0	0	0	0	0	0	0
ASV_1477	0	0	0	0	0	0	0	0	0	0	0	0
ASV_1478	0	0	0	0	0	0	0	0	0	0	0	0
ASV_1479	0	0	0	0	0	0	0	0	0	0	0	0
ASV_1480	0	0	0	0	0	0	0	0	0	0	0	0
ASV_1481	0	0	0	0	0	0	0	0	0	0	0	0
ASV_1482	0	0	0	0	0	0	0	0	0	0	0	0
ASV_1483	0	0	0	0	0	0	0	0	0	0	0	0
ASV_1484	0	0	0	0	0	0	0	0	0	0	0	0
ASV_1485	0	0	0	0	0	0	0	0	0	0	0	0
ASV_1486	0	0	0	0	0	0	0	0	0	0	0	0
ASV_1487	0	0	0	0	0	0	0	0	0	0	0	0
ASV_1488	0	0	0	0	0	0	0	0	0	0	0	0
ASV_1489	0	0	0	0	0	0	0	0	0	0	0	0
ASV_1490	0	0	0	0	0	0	0	0	0	0	0	0
ASV_1491	0	0	0	0	0	0	0	0	0	0	0	0
ASV_1492	0	0	0	0	0	0	0	0	0	0	0	0
ASV_1493	0	0	0	0	0	0	0	0	0	0	0	0
ASV_1494	0	0	0	0	0	0	0	0	0	0	0	0
ASV_1495	0	0	0	0	0	0	0	0	0	0	0	0
ASV_1496	0	0	0	0	0	0	0	0	0	0	0	0
ASV_1497	0	0	0	0	0	0	0	0	0	0	0	0
ASV_1498	0	0	0	0	0	0	0	0	0	0	0	0
ASV_1499	0	0	0	0	0	0	0	0	0	0	0	0
ASV_1500	0	0	0	0	0	0	0	0	0	0	0	0
ASV_1501	0	0	0	0	0	0	0	0	0	0	0	0
ASV_1502	0	0	0	0	0	0	0	0	0	0	0	0
ASV_1503	0	0	0	0	0	0	0	0	0	0	0	0
ASV_1504	0	0	0	0	0	0	0	0	0	0	0	0
ASV_1505	0	0	0	0	0	0	0	0	0	0	0	0
ASV_1506	0	0	0	0	0	0	0	0	0	0	0	0
ASV_1507	0	0	0	0	0	0	0	0	0	0	0	0
ASV_1508	0	0	0	0	0	0	0	0	0	0	0	0
ASV_1509	0	0	0	0	0	0	0	0	0	0	0	0
ASV_1510	0	0	0	0	0	0	0	0	0	0	0	0
ASV_1511	0	0	0	0	0	0	0	0	0	0	0	0
ASV_1512	0	0	0	0	0	0	0	0	0	0	0	0
ASV_1513	0	0	0	0	0	0	0	0	0	0	0	0
ASV_1514	0	0	0	0	0	0	0	0	0	0	0	0
ASV_1515	0	0	0	0	0	0	0	0	0	0	0	0
ASV_1516	0	0	0	0	0	0	0	0	0	0	0	0
ASV_1517	0	0	0	0	0	0	0	0	0	0	0	0
ASV_1518	0	0	0	0	0	0	0	0	0	0	0	0
ASV_1519	0	0	0	0	0	0	0	0	0	0	0	0
ASV_1520	0	0	0	0	0	0	1	0	0	0	0	0
ASV_1521	0	0	0	0	0	0	0	0	0	0	0	0
ASV_1522	0	0	0	0	0	0	0	0	0	0	0	0
ASV_1523	0	0	0	0	0	0	0	0	0	0	0	0
ASV_1524	0	0	0	0	0	0	0	0	0	0	0	0
ASV_1525	0	0	0	0	0	0	0	0	0	0	0	0
ASV_1526	0	0	0	0	0	0	0	0	0	0	0	0
ASV_1527	0	0	0	0	0	0	0	0	0	0	0	0
ASV_1528	0	0	0	0	0	0	0	0	0	0	0	0
ASV_1529	0	0	0	0	0	0	0	0	0	0	0	0
ASV_1530	0	0	0	0	0	0	0	0	0	0	0	0
ASV_1531	0	0	0	0	0	0	0	0	0	0	0	0
ASV_1532	0	0	0	0	0	0	0	0	0	0	0	0
ASV_1533	0	0	0	0	0	0	0	0	0	0	0	0
